0 628
1 158
1 486
1 1097
1 2914
1 2928
2 3274
3 1431
3 3209
4 467
5 648
6 1501
7 1833
7 2137
8 178
8 1033
9 1007
10 1670
10 2619
11 2034
12 113
12 557
12 677
12 794
12 839
12 966
12 1097
12 1357
12 1622
12 1760
12 2473
12 2486
13 1167
13 1493
13 1871
13 1894
13 2707
14 146
14 1248
15 2519
16 314
16 616
16 622
16 1013
16 1422
16 1567
16 1605
16 1708
16 2166
16 2414
16 2415
16 2416
16 2417
16 2594
17 879
17 2150
18 582
18 778
18 812
19 1338
19 1451
19 3294
20 3072
21 1073
22 726
22 2140
22 3240
23 1942
24 1227
24 2027
25 2057
25 2331
26 222
26 2725
27 229
27 755
27 1012
27 1290
27 1422
27 1943
27 2021
27 2023
27 2282
27 2777
28 28
28 135
28 1447
28 1578
28 1678
28 1912
28 2059
28 2312
28 2313
28 2314
28 2315
28 2316
29 1422
29 2833
30 532
30 1422
31 136
31 1131
31 1625
31 1759
32 118
32 3003
33 824
33 1822
33 3185
33 3189
33 3311
34 75
35 89
36 763
37 1745
38 2228
38 2388
39 1412
39 2465
40 631
40 2622
41 606
41 1059
42 2652
43 136
43 887
43 1096
43 1238
43 1429
43 1625
43 1731
43 1759
43 2629
43 2630
44 1227
44 1845
45 939
46 3227
47 820
47 1098
47 1388
47 3122
47 3123
48 2185
49 1253
49 1510
49 2228
49 2341
49 2454
49 2988
50 2526
50 2527
51 453
51 493
51 1034
51 1214
51 1422
51 1607
51 2523
51 2823
52 274
52 1617
53 61
54 728
54 1903
54 2378
55 186
55 2119
55 2324
56 1027
56 2606
57 487
57 2567
58 284
58 740
58 742
58 1416
58 2009
59 931
59 962
59 968
59 1214
59 1290
59 1422
59 2821
60 793
60 916
60 2986
61 53
61 1443
61 1514
61 1734
61 2063
61 2113
62 1620
63 1053
64 1431
65 1944
66 1062
66 2342
66 3136
67 1960
68 2410
69 157
69 1178
69 2370
70 808
70 1474
70 2245
70 2335
70 2554
70 2894
70 3003
71 328
71 660
72 1896
73 497
73 832
73 1779
74 2365
75 34
75 1300
75 1697
75 1879
76 1132
76 1861
76 2427
76 2528
76 2641
76 2949
77 1222
78 1687
78 2043
78 2366
78 2490
79 298
79 2089
80 359
80 2316
80 3023
81 558
81 591
81 1145
81 1527
81 2413
81 2970
82 2271
83 540
83 584
83 649
83 654
83 923
83 1077
83 1225
83 1383
83 1842
83 1932
83 2670
83 3011
83 3012
83 3039
83 3287
83 3303
84 582
84 653
85 2888
86 1488
86 1857
87 1710
87 2215
88 3148
89 35
90 118
90 3266
91 1992
92 582
92 2189
93 2934
94 1192
94 2788
95 110
95 822
95 928
95 2269
95 2633
95 3263
96 119
96 132
96 339
96 1322
97 902
97 1201
97 2569
98 353
98 386
98 936
98 1078
98 1406
98 2174
98 2284
98 2297
98 2508
98 2509
99 157
99 1015
99 2568
100 100
100 1026
100 2158
101 825
101 1325
101 1340
101 1434
101 2850
101 3079
101 3153
102 1016
102 1639
102 1748
102 2198
103 2130
104 1768
104 1964
105 976
106 155
106 1366
106 2189
106 2640
106 2772
107 3185
108 1833
108 2137
109 1454
109 1819
109 2655
109 2656
110 95
110 472
110 541
110 1551
110 1704
110 3263
111 251
112 1249
113 12
113 150
113 1533
113 1875
114 553
114 1419
114 1538
114 1686
114 2074
114 2674
115 880
115 2122
116 3295
117 367
118 32
118 90
118 3125
119 96
119 132
119 1829
119 3125
120 337
120 1650
121 1911
121 3129
122 827
122 2420
123 1992
124 124
124 1811
125 831
126 204
127 143
128 1041
129 1240
130 582
130 1004
131 935
131 2619
131 3309
132 96
132 119
132 779
132 1322
132 1329
132 3126
133 1631
134 874
135 28
135 1566
135 2080
136 31
136 43
136 1561
136 1702
136 1759
136 1940
136 2315
136 2505
136 2517
136 2518
136 2595
137 755
137 1034
137 1422
137 2777
138 468
138 680
138 1097
138 1131
138 1736
138 1853
138 2196
138 2486
138 2487
139 602
139 958
140 1713
141 1036
142 1002
142 1200
142 1455
142 2059
142 2730
143 127
144 847
144 1130
144 1429
144 2110
145 3113
146 14
146 1248
147 1350
147 1439
147 1647
147 2264
147 2404
147 2405
147 2622
147 2623
148 1770
148 2068
148 2228
149 364
150 113
150 557
150 677
150 966
150 1097
150 1357
150 1622
150 1760
150 2473
150 2486
151 930
151 1736
151 2217
151 2299
152 1429
152 1666
152 2544
153 396
153 744
153 755
153 2920
154 450
154 1112
154 1131
154 1625
154 1668
155 106
155 155
155 922
155 2640
155 2772
156 942
156 1334
156 1677
156 3076
157 69
157 99
157 1178
157 2505
158 1
158 1097
158 2914
159 465
160 926
160 934
160 1616
160 2133
160 2712
161 2003
161 2731
161 3062
162 1070
163 3174
164 2408
165 944
165 1994
165 2799
166 667
167 1904
167 2904
168 3185
169 247
169 929
170 491
170 881
170 1755
170 2228
170 2568
170 2580
170 2798
171 425
172 1557
172 2320
172 2322
173 519
174 1289
175 2936
176 2676
176 2746
177 1971
177 2441
177 2683
178 8
178 1033
179 1298
179 1860
179 2435
179 2692
180 351
180 661
180 2635
180 2636
181 1262
181 1422
182 2262
183 2941
184 1825
185 3267
186 55
186 2505
186 2878
187 199
188 2616
189 1802
189 2076
189 2433
190 325
190 3099
190 3176
191 1927
191 2169
192 192
193 572
194 397
194 1522
194 1620
194 2218
194 2895
194 3044
194 3045
195 1407
195 1823
196 2506
197 715
197 755
198 1453
198 2001
198 2327
199 187
200 2837
200 2838
201 1701
202 1594
203 1094
203 2894
203 3003
204 126
204 1434
204 3079
205 212
205 783
205 854
205 2296
205 3068
205 3126
205 3254
206 772
207 270
208 218
208 404
208 438
208 997
208 1534
208 1718
208 2432
208 2699
208 2701
208 2702
208 2960
209 1991
210 3175
211 1444
211 1896
212 205
212 783
212 2830
212 2831
212 3068
212 3254
213 528
213 2097
213 3065
214 2484
214 2769
214 2923
215 582
216 695
216 1655
216 2612
217 1319
217 1603
217 2862
218 208
218 1482
218 1718
218 1896
218 2432
218 2699
219 2254
219 3085
220 755
220 968
220 1034
220 1214
220 1422
220 2474
220 2777
221 1097
222 26
222 567
222 1392
222 2631
222 2725
222 2852
223 223
224 1622
225 741
225 1066
225 1528
225 3195
225 3196
226 1907
226 2709
227 843
227 1809
227 2616
227 3239
228 300
228 411
228 1233
228 1531
228 2810
228 3006
229 27
229 307
229 492
229 887
229 895
229 1230
229 2023
229 2282
229 2777
229 2780
230 356
230 1968
230 2973
231 875
232 252
232 333
233 2079
234 582
234 2391
234 2987
235 256
236 618
236 1582
237 585
237 1731
237 2398
237 2561
238 735
239 767
239 1321
239 3220
240 2937
241 603
241 936
241 1414
241 2174
241 2856
242 796
242 1582
242 1736
242 2032
242 2196
242 2299
243 931
243 1812
244 906
245 1066
245 3116
245 3181
245 3195
245 3196
246 1422
246 2777
247 169
247 1217
247 1265
247 2063
247 2088
247 2610
247 2640
247 2843
248 297
248 1669
249 906
250 825
250 2083
251 111
252 232
253 843
253 1992
253 2576
254 266
254 1543
254 1687
254 1772
254 1822
254 2067
254 2222
254 2549
254 2616
254 2728
254 2729
254 3239
255 2277
256 235
257 720
257 2964
258 962
259 1637
259 2972
260 2745
261 288
262 1597
263 525
263 737
263 886
263 2421
263 2652
264 1267
265 1536
265 2220
265 2451
266 254
266 672
266 1156
266 1809
266 2067
266 2616
266 3239
266 3286
267 749
267 1259
268 1942
268 2619
268 3232
268 3309
269 1782
269 1903
269 3218
269 3224
269 3225
269 3226
270 207
271 1266
272 450
272 2761
273 416
273 468
273 768
273 1417
273 2217
274 52
275 710
275 1297
276 276
277 3228
278 2015
278 2468
279 279
279 688
279 1928
279 2326
280 1296
280 1563
281 646
282 1163
282 2348
283 1596
283 3241
284 58
284 284
284 2009
285 1418
285 1967
286 1466
286 1835
286 2401
286 2671
287 1011
288 261
288 1361
289 1422
289 1943
290 2697
291 873
292 594
292 1843
292 2141
292 2849
293 1585
293 1874
294 540
294 3039
295 3054
296 2848
297 248
297 513
297 1669
298 79
298 468
299 1057
299 1134
300 228
300 1410
300 1531
300 2759
300 2810
301 1204
302 302
302 962
302 1943
302 2648
303 493
303 719
303 937
303 1190
303 1343
303 1422
303 1480
303 2116
303 2254
303 2582
303 3085
303 3178
304 637
304 1620
304 2025
305 2924
306 1368
307 229
307 585
307 1230
307 1290
307 1918
307 1943
307 2230
307 2398
307 2673
307 2777
308 2925
308 3211
309 1680
310 1878
310 2931
310 2932
311 413
311 1253
311 2798
312 2641
313 964
313 2978
314 16
314 373
314 622
314 912
314 1422
314 1567
314 1605
314 1708
314 1943
314 2166
314 2593
314 2594
314 2634
315 1124
316 777
316 2926
316 2927
317 411
318 717
319 1536
319 2220
319 2643
320 2956
321 2227
321 3075
322 1879
323 697
324 3108
325 190
325 3176
326 984
326 3077
327 1382
328 71
328 660
329 1889
329 2515
329 2615
330 3176
330 3198
331 1083
331 1278
331 1709
331 2943
332 2259
332 2916
333 232
333 777
334 1692
335 723
335 1088
336 561
336 876
336 1180
336 1600
336 2577
336 2578
336 2996
337 120
337 1650
338 1227
338 2639
339 96
339 472
339 2784
340 1050
340 2594
341 1869
342 678
342 3284
343 1773
344 2238
344 3278
345 1452
346 1663
347 1202
347 1758
347 1853
347 2073
347 2525
347 2630
348 399
348 1991
349 2756
350 2399
351 180
351 661
351 1112
351 2635
351 2636
352 1728
352 3281
353 98
353 2433
354 3000
355 1121
356 230
356 3148
357 1948
357 2350
357 2351
358 358
359 80
359 3023
360 477
361 1918
361 2185
361 2443
361 2646
361 2647
362 2339
362 2340
363 800
364 149
364 399
364 1991
365 630
365 1150
366 2061
367 117
368 1199
369 580
370 2157
370 2497
371 1369
371 1423
371 1746
371 1981
371 2462
371 3063
372 3185
373 314
373 373
373 616
373 912
373 1117
373 1605
373 1708
373 2415
373 2488
373 2920
374 1411
374 2368
374 2785
374 3275
375 1793
376 2300
377 715
377 2405
378 2763
378 3261
379 582
379 2189
380 2155
380 3180
381 1457
381 2949
382 696
383 989
383 1033
384 1930
385 1700
386 98
387 2803
388 2254
389 2111
389 2983
390 871
390 1916
390 2103
390 2105
391 2989
392 2316
393 566
394 1879
394 2591
394 2707
395 2517
395 2619
396 153
396 468
396 930
396 2217
396 2517
396 2882
397 194
397 1522
398 1251
398 1843
399 348
399 364
399 957
400 400
400 862
401 2735
402 603
402 1414
402 2856
403 3177
404 208
404 1534
404 1718
404 1896
404 2699
404 2701
404 2702
404 2960
405 582
405 1660
405 2179
405 3263
406 1296
407 1364
408 637
409 1341
409 1529
409 2581
410 1808
410 3098
411 228
411 317
411 1033
411 1335
411 1410
411 2810
412 2439
412 3246
413 311
413 805
413 1812
413 2204
413 2714
413 2715
413 2716
414 1128
414 1625
414 1666
414 2428
414 2562
415 2531
416 273
416 1758
416 2642
417 915
417 1335
418 1207
419 476
419 1004
420 1933
421 1135
421 1162
421 2275
421 2628
422 2237
422 2862
423 1756
424 3155
425 171
426 2129
427 840
427 1560
427 1705
427 2114
427 2476
428 773
428 1439
428 1647
428 2264
428 2404
428 2405
428 2622
428 2623
429 541
429 1620
429 2028
429 2154
430 1684
430 2839
431 869
431 1174
431 1268
431 2352
432 2977
433 2824
434 549
434 1655
434 2361
434 2362
435 1019
435 1875
435 1996
436 2317
437 2917
438 208
438 1718
438 1896
438 2699
438 2701
438 2702
438 2960
439 2011
439 3120
440 3040
441 1782
441 2499
441 2807
442 2906
443 857
443 1828
443 2406
444 1301
444 2652
445 509
445 2886
446 2388
447 1184
447 3275
448 888
448 1090
449 1543
450 154
450 272
450 542
450 882
450 1020
450 1532
450 1561
450 1817
450 1915
450 1965
450 2196
450 2295
450 2299
450 2505
450 2517
451 1630
451 2732
452 2214
453 51
453 807
453 835
453 887
453 941
453 1009
453 1034
453 1214
453 1219
453 1422
453 1599
453 1644
453 2053
453 2254
453 2474
453 2664
453 2777
453 2779
453 2781
454 2823
455 1656
455 1684
455 1992
455 3011
456 1592
457 1438
458 2233
458 2358
459 2099
460 992
460 1751
460 3024
460 3252
461 1508
462 476
463 2537
463 2538
464 1758
464 1853
465 159
465 2153
465 2345
465 2967
466 936
466 2174
466 3130
467 4
468 138
468 273
468 298
468 396
468 680
468 768
468 930
468 968
468 982
468 1097
468 1251
468 1362
468 1473
468 1665
468 1736
468 1853
468 2089
468 2196
468 2217
468 2299
468 2619
468 2714
468 2715
469 1101
469 1478
470 1982
471 1676
471 2314
471 2551
471 2585
472 110
472 339
472 541
472 703
472 780
472 1704
472 2269
472 3263
473 843
473 1808
473 2522
474 3048
474 3049
475 3283
476 419
476 462
476 1247
476 2203
476 3039
477 360
478 3039
479 3097
480 571
481 2236
482 830
482 833
482 1076
482 3148
482 3261
482 3265
483 1585
483 2020
483 2621
484 1210
484 1531
485 1052
485 2748
486 1
486 486
486 509
486 1097
486 1115
486 1202
486 1362
486 1570
486 2356
486 2886
486 3218
487 57
487 734
487 837
487 1140
487 1651
487 2108
488 667
489 582
490 1394
490 2853
491 170
491 881
491 2228
491 2988
492 229
492 755
492 1012
492 1034
492 1422
492 1644
492 2181
492 2404
492 2629
493 51
493 303
493 1214
493 2151
494 637
494 1620
494 2025
495 1262
495 1422
496 861
497 73
497 1779
497 2968
497 2969
498 2649
499 886
499 2274
500 1809
500 3239
501 1011
501 1575
502 517
503 1529
504 624
504 2292
504 2839
505 1729
506 1583
506 1944
506 3204
507 2829
508 1822
508 2728
508 3238
509 445
509 486
509 1362
509 1570
510 2822
511 625
512 620
513 297
514 2804
514 2805
515 1383
515 1498
515 3287
516 2643
517 502
517 1215
517 1583
517 2644
518 1896
519 173
519 519
519 3138
520 2380
520 2402
521 964
522 1830
523 1840
523 2349
524 1537
524 2782
524 2933
525 263
525 648
525 705
525 2570
525 2574
526 920
526 2163
527 1422
527 1943
528 213
528 962
528 1422
528 2396
528 2824
529 1724
529 1958
530 664
530 1017
530 1621
530 1641
530 1966
531 2607
532 30
532 1944
533 1764
533 2687
534 2287
535 641
535 946
535 2581
536 2476
537 650
537 836
538 632
538 1506
539 1783
540 83
540 294
540 555
540 911
540 923
540 1945
540 2513
540 2643
540 2905
540 2906
540 3039
541 110
541 429
541 472
541 703
541 809
541 822
541 928
541 1464
541 1477
541 1620
541 1704
541 1768
541 1865
541 2269
541 2717
541 2741
541 2835
541 3040
541 3041
541 3042
541 3043
541 3263
542 450
542 1020
542 2295
543 2558
544 1915
544 2302
545 1046
545 2259
546 546
547 582
547 819
548 851
548 1877
548 2063
549 434
549 755
549 1422
549 1821
549 2361
549 2582
549 2777
550 2894
550 3003
550 3004
551 749
551 1259
552 2411
552 2784
553 114
554 799
555 540
556 969
557 12
557 150
557 725
557 1883
557 1922
558 81
558 591
558 1145
558 2413
558 2970
559 1013
559 1097
559 1570
560 2191
560 2481
561 336
561 1180
561 1366
561 2577
561 2843
561 3019
562 1586
562 1735
563 582
564 1477
564 3041
565 904
565 1264
565 1330
565 2483
566 393
566 698
566 2212
567 222
567 1435
567 2005
567 2400
567 2463
567 2485
567 2726
567 2893
567 3211
568 1839
568 3017
569 624
569 3145
570 1786
571 480
571 571
572 193
572 1024
572 1998
573 624
573 670
573 1478
574 1109
574 1518
574 2049
574 2267
575 620
576 1887
577 1027
577 1971
577 2080
578 2225
578 2367
579 1410
579 1531
580 369
581 1750
582 18
582 84
582 92
582 130
582 215
582 234
582 379
582 405
582 489
582 547
582 563
582 587
582 637
582 647
582 653
582 676
582 790
582 879
582 1002
582 1004
582 1170
582 1200
582 1387
582 1410
582 1516
582 1525
582 1660
582 1693
582 1701
582 1753
582 1921
582 1967
582 2066
582 2100
582 2134
582 2179
582 2249
582 2258
582 2391
582 2446
582 2835
582 2915
582 2916
582 2945
582 2967
582 3011
582 3091
582 3140
582 3206
582 3207
582 3208
583 2384
584 83
584 1039
584 2529
585 237
585 307
585 1214
585 1422
585 1943
585 1997
586 1214
586 1422
586 2116
586 2553
586 2777
587 582
587 2835
588 828
588 1255
588 1275
588 2534
588 2535
589 3088
590 2185
590 2206
590 2863
591 81
591 558
591 1145
591 1527
591 2413
591 2700
592 592
593 2325
594 292
595 618
595 878
595 1447
595 1961
596 3183
597 3166
598 1887
599 1259
600 1001
600 2105
601 3184
602 139
602 958
602 1858
603 241
603 402
603 1471
603 2794
603 3120
604 692
604 2457
605 859
606 41
607 1879
607 2863
608 608
608 2884
609 684
609 2861
610 1116
610 2905
610 2906
610 3033
611 620
611 2602
612 1316
613 2600
614 849
615 1818
615 2670
616 16
616 373
616 622
616 755
616 931
616 1422
616 1567
616 1605
616 1708
616 1943
616 2166
616 2414
616 2593
616 2594
616 2857
617 2290
618 236
618 595
618 2380
619 2290
620 512
620 575
620 611
620 709
620 2174
620 2321
620 2412
620 2438
620 2602
621 1790
622 16
622 314
622 616
622 912
622 1013
622 1117
622 1605
622 1708
622 1943
622 2415
622 2417
622 2593
622 2594
622 2634
622 2920
623 632
623 1506
624 504
624 569
624 573
624 777
624 865
624 915
624 1272
624 1318
624 1335
624 1836
624 2134
624 2292
624 2575
624 2840
624 3145
625 511
625 2376
626 626
626 2126
627 755
627 2561
627 2629
627 2678
628 0
629 1460
629 1717
629 2627
630 365
630 1757
630 2319
631 40
632 538
632 623
633 1422
633 1470
634 1162
634 2132
634 2894
635 2917
636 3247
637 304
637 408
637 494
637 582
637 808
637 1620
637 1797
637 1921
637 1967
637 2066
637 2189
637 2439
637 2559
637 2926
637 2971
638 2218
638 3033
639 1893
639 2749
640 1935
641 535
641 825
641 1080
641 1447
641 2592
642 1000
642 2463
643 1741
644 2282
645 3300
646 281
647 582
648 5
648 525
648 651
648 1143
648 2571
648 2572
648 2644
649 83
649 2493
649 2643
649 2906
649 3039
649 3091
650 537
650 1655
650 2503
651 648
652 2214
653 84
653 582
654 83
654 2513
655 687
655 3192
655 3193
656 2935
657 658
658 657
659 1720
660 71
660 328
660 1481
661 180
661 351
661 1096
661 1439
661 1625
661 1740
661 2264
661 2404
661 2405
661 2636
661 2637
661 2638
662 2260
663 2385
664 530
664 1026
664 1203
664 2437
665 2256
666 1491
666 3132
667 166
667 488
667 760
667 1099
667 1179
667 1187
667 1243
667 1530
667 1555
667 1707
667 3093
668 1294
668 2534
669 2490
670 573
670 865
670 924
670 974
670 1311
670 1472
670 1565
670 1836
670 2575
670 2767
670 2839
671 1960
672 266
672 1738
672 3125
673 1293
673 2444
673 3250
674 1865
675 1864
675 2822
675 2870
676 582
677 12
677 150
677 985
677 1275
677 2199
677 2442
677 2504
678 342
679 1979
680 138
680 468
680 2089
681 2574
681 2974
682 881
682 1471
682 2228
682 2492
683 2555
684 609
685 2955
686 2181
686 2822
687 655
687 3192
688 279
688 1928
689 2725
689 3211
690 1613
690 2576
690 2934
690 2943
690 3001
691 931
691 968
691 1567
691 2166
691 2396
691 2416
691 2480
691 2594
692 604
693 2182
694 2959
695 216
695 1682
695 2482
695 2786
695 2787
696 382
696 869
696 1236
696 2352
697 323
697 1783
698 566
698 1004
699 1347
700 2035
701 1712
702 2923
703 472
703 541
703 2741
704 2718
705 525
705 2421
705 2574
706 800
706 2922
707 2028
708 3148
709 620
709 936
709 1424
709 1471
709 1557
709 1987
709 2174
709 2320
709 2369
710 275
710 1159
711 2723
711 3094
711 3095
712 1177
713 1676
713 2314
713 2551
713 2585
713 2601
714 1083
715 197
715 377
715 1725
715 1940
715 2264
715 2404
715 2405
716 1125
716 1366
716 2329
717 318
717 1896
717 1902
717 2970
717 3296
718 2241
719 303
719 755
719 1190
720 257
721 1485
721 1967
721 2679
722 1334
722 3099
723 335
723 1088
723 2219
724 2293
725 557
725 966
726 22
726 2743
727 1682
728 54
729 2971
730 2979
730 2980
730 2981
731 2310
732 1250
733 1296
734 487
734 1651
734 3292
735 238
736 2339
737 263
737 1460
738 3231
739 2213
740 58
740 742
740 1416
741 225
741 3030
742 58
742 740
742 1380
743 2140
744 153
744 2235
744 2465
744 2517
744 2583
744 3264
745 2916
746 2419
746 3022
746 3185
747 747
747 803
747 960
747 1723
747 2499
748 2665
749 267
749 551
749 1195
749 1259
750 1065
751 1446
751 1447
752 1204
753 1947
754 2918
755 27
755 137
755 153
755 197
755 220
755 492
755 549
755 616
755 627
755 719
755 887
755 912
755 1009
755 1013
755 1647
755 1961
755 2128
755 2254
755 2257
755 2487
755 2582
755 2619
755 2647
755 2660
755 2661
755 2662
755 2663
755 2664
756 2385
757 1420
757 2099
758 2954
759 1512
760 667
760 1707
761 2375
762 2337
763 36
764 1424
765 2124
766 1037
767 239
767 1321
767 3243
768 273
768 468
768 2642
768 2958
769 1016
769 2081
770 1202
770 1591
770 2630
771 1103
771 1256
771 2643
772 206
772 1296
772 1331
772 1546
773 428
773 1647
773 1725
773 2264
773 2623
774 1562
774 2603
775 775
775 1376
775 1422
776 781
776 1030
777 316
777 333
777 624
777 1691
777 2261
777 2557
777 2840
778 18
778 2252
778 3213
779 132
779 932
780 472
781 776
781 2375
781 2478
782 2940
783 205
783 212
783 2296
783 2830
783 2832
783 3068
784 1715
784 1822
785 1397
786 2216
787 1413
788 3251
789 3168
790 582
790 1000
790 1545
790 3020
791 2309
792 1671
792 2160
792 2475
793 60
793 916
794 12
794 1041
794 1357
795 2676
796 242
796 930
796 968
796 2063
796 2119
796 2217
797 2305
798 1992
799 554
799 1422
800 363
800 706
801 1391
802 1573
802 1854
803 747
803 803
803 990
803 3013
804 1776
805 413
805 986
806 1537
807 453
807 1214
807 1422
807 2561
807 2664
807 2777
808 70
808 637
808 1620
808 2066
808 2559
809 541
810 1913
811 1970
812 18
812 1437
812 1789
812 2957
813 1585
813 1874
813 2766
813 2767
814 908
815 2339
816 2377
816 2425
817 2613
818 1202
819 547
819 1200
819 1247
819 2316
819 2643
819 2730
819 3039
820 47
821 2588
822 95
822 541
822 1043
822 2496
823 1909
824 33
825 101
825 250
825 641
825 1080
825 1574
825 2850
826 2708
827 122
827 2420
828 588
828 828
828 1255
829 1082
829 1505
829 2410
830 482
831 125
832 73
832 1779
833 482
834 834
835 453
835 1422
835 2021
835 2181
835 2777
835 2823
835 3024
836 537
837 487
837 3272
838 838
839 12
839 1357
839 2486
840 427
840 2476
840 2556
841 1459
842 842
842 1963
843 227
843 253
843 473
843 2202
843 2549
843 2576
844 1154
845 845
846 3185
847 144
847 1398
847 1517
847 1666
847 1853
847 1875
847 2205
847 2360
847 2518
847 2589
847 2630
848 848
849 614
850 886
850 1605
850 2024
850 2182
850 2593
851 548
851 2858
852 1304
853 2252
854 205
854 1521
854 2617
855 983
856 1621
856 2735
857 443
857 1828
857 2406
858 1803
859 605
859 1795
860 1004
860 2177
860 2495
860 2915
860 3284
861 496
861 1171
861 2178
862 400
863 1780
863 2209
864 904
864 1330
864 1346
864 2869
865 624
865 670
865 924
865 1335
865 1836
865 1999
865 2212
865 2266
865 2688
866 3229
867 1173
868 897
869 431
869 696
869 2352
870 2019
871 390
872 1665
873 291
873 2689
873 3215
874 134
874 2861
875 231
875 1131
875 1257
875 1625
875 1918
875 2792
876 336
876 1366
876 2843
876 3019
877 940
877 1379
877 1672
877 2353
877 2375
877 2441
877 2466
878 595
878 2313
879 17
879 582
880 115
880 1877
881 170
881 491
881 682
881 2363
881 2364
882 450
882 2517
883 1496
884 1172
884 1992
884 2510
885 2433
886 263
886 499
886 850
886 1567
886 1796
886 2182
886 2277
886 2652
886 2764
886 2765
887 43
887 229
887 453
887 755
887 1012
887 1034
887 1112
887 1214
887 1351
887 1422
887 1943
887 2021
887 2247
887 2282
887 2404
887 2777
887 2834
887 2854
888 448
889 1430
889 2543
889 2794
890 2453
891 1108
891 2087
891 2470
892 892
893 2318
894 1070
894 1668
895 229
895 1012
895 1290
895 2021
895 2023
895 2777
896 1081
897 868
898 1931
899 2123
900 1072
901 1436
901 1810
901 3031
902 97
902 902
902 1201
902 2569
903 2145
903 2963
904 565
904 864
904 1699
904 2369
904 2371
905 1484
906 244
906 249
906 1903
906 2564
906 2565
907 1706
908 814
908 1569
908 2704
909 2268
910 910
911 540
911 3053
912 314
912 373
912 622
912 755
912 1117
912 1605
912 1708
912 2415
912 2488
912 2920
913 913
914 914
914 1794
914 2136
915 417
915 624
915 2301
916 60
916 793
917 1036
917 2176
917 2657
918 3064
918 3072
919 1425
920 526
920 1469
920 1832
920 2545
921 1280
921 3011
921 3020
922 155
922 1087
922 1246
923 83
923 540
923 1170
923 2218
923 2316
923 2906
923 3012
923 3091
924 670
924 865
924 2575
924 2840
925 995
926 160
926 934
927 1135
927 2894
928 95
928 541
928 1326
929 169
929 2858
930 151
930 396
930 468
930 796
930 2196
930 2517
930 2630
931 59
931 243
931 616
931 691
931 1025
931 1117
931 2594
932 779
933 1905
933 1977
934 160
934 926
934 1616
934 2133
935 131
935 2587
935 3223
936 98
936 241
936 466
936 709
937 303
937 2377
937 2777
938 2104
938 3240
939 45
940 877
940 1155
941 453
941 1214
941 1422
941 2561
941 2664
941 2777
942 156
942 1863
942 2305
942 2343
943 1554
943 2010
944 165
945 3010
946 535
946 1584
946 2379
946 2901
947 1716
948 1114
949 2576
950 2292
951 1638
951 2653
951 3146
952 2976
953 1440
953 2298
953 2732
954 2366
954 3100
955 3136
956 1022
956 1461
957 399
958 139
958 602
958 2541
958 3029
959 1949
959 3067
960 747
960 2499
961 1405
962 59
962 258
962 302
962 528
962 1422
962 2097
962 2226
962 2415
962 2417
962 2824
962 3065
963 3150
964 313
964 521
965 1112
965 1157
965 1301
965 1422
965 1567
965 1943
965 2166
965 2234
965 2824
965 3007
965 3008
966 12
966 150
966 725
967 2697
968 59
968 220
968 468
968 691
968 796
968 1157
968 1214
968 1422
968 1567
968 1605
968 1625
968 1943
968 2097
968 2166
968 2196
968 2226
968 2234
968 2561
968 2593
968 2629
968 2630
968 2770
968 2777
968 2824
968 2877
968 2961
968 3078
969 556
969 1687
970 1949
971 2527
972 1736
973 2774
974 670
974 1891
975 1295
975 2477
976 105
976 2433
977 2695
978 1422
978 1764
979 2457
980 1645
980 2098
981 2311
982 468
982 1130
982 1591
982 1736
983 855
984 326
984 2046
985 677
985 1275
985 2442
986 805
986 2418
987 2006
988 2457
989 383
989 1033
990 803
990 1207
990 1223
991 1474
991 2554
992 460
992 1421
992 2242
993 2097
993 2426
993 2770
993 2771
993 2824
993 2920
994 2224
994 2672
995 925
996 3108
997 208
997 1035
997 1896
997 2699
998 1315
998 1515
998 2586
998 2904
998 3299
999 1754
999 1948
999 2351
1000 642
1000 790
1000 1545
1000 2400
1000 3112
1001 600
1001 1001
1001 1119
1001 1577
1002 142
1002 582
1002 1200
1002 2085
1002 2730
1003 1801
1004 130
1004 419
1004 582
1004 698
1004 860
1004 2495
1004 2811
1004 2915
1005 1816
1006 2758
1006 2993
1007 9
1007 1208
1008 1668
1009 453
1009 755
1009 1422
1009 1853
1009 2505
1010 1703
1010 2920
1011 287
1011 501
1011 1583
1011 1944
1011 2148
1011 2330
1012 27
1012 492
1012 887
1012 895
1012 1034
1012 1214
1012 1644
1012 2023
1012 2282
1012 2474
1012 2678
1012 2780
1013 16
1013 559
1013 622
1013 755
1013 1422
1013 1567
1013 1605
1013 1943
1013 2166
1013 2594
1014 1014
1015 99
1015 1275
1015 1422
1015 2442
1015 2778
1016 102
1016 769
1016 1866
1017 530
1018 1032
1018 2512
1018 3231
1019 435
1019 1625
1019 1875
1019 2073
1020 450
1020 542
1021 1188
1021 2108
1021 2586
1021 3058
1022 956
1022 1302
1022 1461
1023 1493
1023 2705
1024 572
1025 931
1025 2488
1026 100
1026 664
1026 2158
1026 3149
1027 56
1027 577
1027 1620
1027 2605
1028 1557
1028 2320
1028 2602
1029 1564
1030 776
1030 1971
1030 2062
1030 2353
1030 2354
1030 2372
1031 1125
1031 2328
1031 2329
1032 1018
1032 2512
1032 3231
1033 8
1033 178
1033 383
1033 411
1033 989
1033 1234
1033 1426
1033 2112
1033 2814
1034 51
1034 137
1034 220
1034 453
1034 492
1034 887
1034 1012
1034 1214
1034 1230
1034 1422
1034 1607
1034 1617
1034 1644
1034 2474
1034 2777
1034 2920
1035 997
1035 1051
1035 1152
1035 1206
1035 1534
1035 2699
1036 141
1036 917
1036 2848
1037 766
1038 2082
1039 584
1039 1170
1039 2529
1040 2872
1041 128
1041 794
1041 1357
1042 3038
1043 822
1043 1829
1043 2496
1043 3263
1044 1264
1044 1395
1044 1619
1044 1802
1044 2323
1044 2433
1045 1596
1045 3241
1045 3242
1046 545
1046 2054
1046 2259
1047 3227
1048 1143
1049 2339
1049 2462
1050 340
1051 1035
1052 485
1052 1239
1052 2654
1052 2748
1052 3205
1053 63
1054 1214
1054 1943
1054 2623
1055 2874
1056 2590
1057 299
1058 1366
1059 41
1059 1337
1060 1979
1061 1061
1062 66
1062 2232
1063 1675
1063 2541
1064 1202
1064 1853
1064 2525
1064 2630
1065 750
1065 1065
1066 225
1066 245
1066 3030
1066 3195
1066 3196
1067 3015
1068 2894
1069 2501
1069 2502
1070 162
1070 894
1070 1625
1070 2399
1071 1422
1071 2128
1071 2817
1071 2824
1072 900
1072 1309
1072 1818
1073 21
1073 3291
1074 1095
1075 2776
1076 482
1076 1589
1077 83
1077 1077
1078 98
1078 1259
1078 2508
1078 2843
1079 1555
1079 1707
1079 1950
1080 641
1080 825
1080 1340
1080 1348
1080 2592
1081 896
1082 829
1082 2530
1082 3262
1083 331
1083 714
1083 1709
1083 3061
1084 1123
1084 2343
1085 3131
1085 3234
1086 1807
1087 922
1087 1239
1087 1620
1087 2054
1087 2189
1088 335
1088 723
1089 1400
1090 448
1091 1471
1091 2856
1091 2869
1092 1579
1092 1662
1092 3177
1093 1990
1093 2161
1093 2422
1093 2423
1093 2424
1094 203
1094 2052
1094 2894
1094 3044
1095 1074
1096 43
1096 661
1096 2635
1097 1
1097 12
1097 138
1097 150
1097 158
1097 221
1097 468
1097 486
1097 559
1097 1429
1097 1467
1097 1625
1097 1875
1097 1879
1097 1894
1097 2426
1097 2645
1097 2914
1097 2928
1098 47
1099 667
1099 1530
1100 1526
1101 469
1102 1939
1102 2599
1103 771
1103 1116
1103 2906
1104 2866
1105 1167
1105 1894
1106 2403
1106 2753
1107 2494
1107 2495
1108 891
1109 574
1109 1518
1110 1952
1111 1983
1111 2723
1112 154
1112 351
1112 887
1112 965
1112 1251
1112 1480
1112 1635
1112 1644
1112 1647
1112 2474
1112 2520
1112 2623
1112 2815
1112 2922
1112 3008
1113 3203
1114 948
1115 486
1115 2886
1115 3218
1116 610
1116 1103
1116 1836
1117 373
1117 622
1117 912
1117 931
1117 1117
1117 1422
1117 1567
1117 1605
1117 1708
1117 1943
1117 2166
1117 2593
1117 2634
1117 2920
1118 1194
1119 1001
1119 1577
1119 2550
1119 2745
1120 1659
1120 2651
1121 355
1122 2396
1122 2985
1123 1084
1123 1733
1123 1855
1123 2343
1124 315
1125 716
1125 1031
1125 1125
1125 2879
1126 3027
1127 3133
1128 414
1128 1761
1129 2511
1129 3231
1130 144
1130 982
1130 1429
1130 1591
1130 1666
1130 2057
1130 2110
1130 2331
1130 2421
1130 2724
1131 31
1131 138
1131 154
1131 875
1131 1251
1131 1609
1131 1666
1131 1875
1131 2618
1131 2677
1131 2678
1132 76
1133 3248
1134 299
1135 421
1135 927
1135 1485
1135 2679
1135 2894
1135 3199
1136 2196
1137 2542
1138 2763
1139 2223
1140 487
1141 1241
1142 1217
1143 648
1143 1048
1143 1677
1143 2570
1143 3046
1143 3166
1143 3185
1144 1282
1144 1396
1144 1556
1144 2382
1145 81
1145 558
1145 591
1145 1896
1145 2152
1146 1896
1147 1449
1148 1148
1149 1404
1150 365
1151 1847
1152 1035
1152 2413
1152 2699
1153 2962
1153 3070
1153 3071
1154 844
1155 940
1155 1379
1155 1672
1155 2353
1155 2375
1155 2441
1155 2466
1156 266
1156 1738
1156 3125
1157 965
1157 968
1157 1281
1157 1422
1157 1943
1157 2824
1158 2808
1159 710
1159 2086
1159 2750
1159 2751
1160 1432
1161 2710
1162 421
1162 634
1162 3004
1163 282
1163 2348
1164 2344
1165 2041
1165 2461
1166 1166
1167 13
1167 1105
1167 1493
1167 1894
1167 1901
1167 2707
1168 1814
1169 1209
1170 582
1170 923
1170 1039
1170 1225
1170 2529
1170 2722
1170 2814
1171 861
1171 1171
1172 884
1172 1363
1173 867
1173 1720
1173 2789
1173 2791
1174 431
1175 2952
1176 1821
1176 2226
1176 2434
1177 712
1177 1177
1178 69
1178 157
1179 667
1179 1707
1180 336
1180 561
1180 1366
1180 1600
1180 2329
1180 2577
1180 2578
1180 2640
1180 2843
1180 3019
1181 3301
1182 2954
1183 1366
1183 1600
1183 2640
1184 447
1184 2186
1185 2949
1186 1868
1186 2306
1186 3185
1187 667
1188 1021
1189 1767
1189 2060
1189 3015
1190 303
1190 719
1190 2582
1190 2823
1191 3100
1192 94
1192 2788
1193 1841
1193 1981
1194 1118
1194 2246
1194 3269
1195 749
1196 1791
1197 1896
1198 1724
1199 368
1199 1993
1200 142
1200 582
1200 819
1200 1002
1201 97
1201 902
1201 2569
1202 347
1202 486
1202 770
1202 818
1202 1064
1202 1570
1202 2356
1202 2525
1203 664
1203 2437
1204 301
1204 752
1205 1212
1205 2825
1206 1035
1207 418
1207 990
1208 1007
1208 1767
1208 2060
1208 2872
1209 1169
1210 484
1210 1531
1210 2609
1211 1211
1211 1585
1211 2775
1211 2776
1212 1205
1212 1473
1213 2325
1214 51
1214 59
1214 220
1214 453
1214 493
1214 585
1214 586
1214 807
1214 887
1214 941
1214 968
1214 1012
1214 1034
1214 1054
1214 1219
1214 1230
1214 1290
1214 1480
1214 1644
1214 1724
1214 2023
1214 2053
1214 2230
1214 2398
1214 2443
1214 2474
1214 2582
1214 2646
1214 2647
1214 2777
1214 2779
1214 2781
1214 2819
1214 2821
1214 2855
1215 517
1215 2918
1216 1801
1217 247
1217 1142
1218 1868
1218 3060
1219 453
1219 1214
1219 1422
1219 2561
1219 2664
1219 2777
1220 1629
1220 1721
1220 2471
1220 2667
1220 2669
1220 2863
1221 2054
1222 77
1222 1864
1222 2433
1222 2680
1223 990
1224 2348
1225 83
1225 1170
1225 1932
1226 2848
1227 24
1227 44
1227 338
1227 1845
1227 2095
1227 2639
1228 1317
1229 3090
1230 229
1230 307
1230 1034
1230 1214
1230 1290
1230 1666
1230 2854
1231 1390
1231 1586
1232 2211
1232 2226
1232 2921
1233 228
1234 1033
1235 1677
1235 2245
1235 2335
1236 696
1237 1431
1237 1553
1237 3209
1238 43
1238 1422
1238 2504
1238 2777
1239 1052
1239 1087
1239 1265
1239 2210
1239 2249
1239 3205
1240 129
1241 1141
1241 1694
1241 1907
1242 2311
1243 667
1244 2939
1244 3185
1245 1245
1245 2481
1246 922
1246 2772
1247 476
1247 819
1248 14
1248 146
1248 1248
1249 112
1249 2280
1250 732
1251 398
1251 468
1251 1112
1251 1131
1251 1422
1251 1625
1251 1843
1251 1965
1251 2398
1251 2482
1251 2619
1252 3109
1252 3110
1252 3111
1253 49
1253 311
1253 1328
1253 1510
1253 1915
1253 2454
1254 2718
1255 588
1255 828
1255 2535
1256 771
1256 2259
1256 3039
1257 875
1257 2792
1258 1689
1259 267
1259 551
1259 599
1259 749
1259 1078
1259 2508
1259 2892
1260 1981
1260 2219
1261 2479
1261 2480
1262 181
1262 495
1262 2820
1262 2972
1263 2527
1264 565
1264 1044
1264 2174
1264 2369
1264 2978
1265 247
1265 1239
1266 271
1266 3262
1267 264
1268 431
1268 2352
1269 1269
1270 1270
1271 1302
1271 1461
1271 2598
1272 624
1273 1422
1274 1739
1275 588
1275 677
1275 985
1275 1015
1275 1731
1275 1825
1275 2361
1275 2443
1275 2504
1276 1291
1277 2721
1278 331
1279 2624
1279 2625
1280 921
1281 1157
1281 1943
1281 2226
1281 2234
1282 1144
1282 2381
1283 1370
1284 1312
1285 1523
1286 1411
1286 1543
1286 2366
1286 2785
1286 3275
1287 2058
1287 2935
1288 1648
1289 174
1290 27
1290 59
1290 307
1290 895
1290 1214
1290 1230
1290 2023
1290 2777
1291 1276
1292 1811
1293 673
1293 3250
1294 668
1295 975
1296 280
1296 406
1296 733
1296 772
1296 1585
1297 275
1297 2393
1298 179
1298 2092
1299 2406
1300 75
1301 444
1301 965
1301 2770
1301 2771
1302 1022
1302 1271
1302 1461
1302 2598
1303 3040
1304 852
1305 3015
1306 3172
1306 3173
1307 1865
1307 2112
1308 1769
1308 2677
1309 1072
1310 3117
1310 3211
1311 670
1311 2316
1311 2604
1312 1284
1313 1462
1313 2705
1313 3236
1314 3086
1315 998
1316 612
1316 3009
1317 1228
1318 624
1319 217
1319 1603
1319 1770
1319 2237
1320 2159
1320 2626
1321 239
1321 767
1321 3219
1321 3220
1322 96
1322 132
1323 1323
1324 1410
1324 1449
1324 1562
1324 2811
1324 2812
1325 101
1326 928
1326 1408
1326 1620
1326 2245
1326 2335
1326 2400
1327 2164
1328 1253
1328 3154
1329 132
1330 565
1330 864
1330 1699
1330 2369
1330 2371
1331 772
1331 2142
1332 2773
1333 1879
1333 2591
1333 2707
1334 156
1334 722
1335 411
1335 417
1335 624
1335 865
1335 2575
1335 2609
1336 1681
1337 1059
1338 19
1339 2754
1340 101
1340 1080
1340 2850
1341 409
1341 1925
1341 3143
1342 2396
1343 303
1343 1422
1343 1427
1343 1943
1343 2398
1343 2777
1343 2824
1344 2118
1345 1892
1346 864
1346 2856
1346 2869
1347 699
1348 1080
1348 1574
1348 2276
1349 1749
1349 2526
1349 3121
1350 147
1350 1399
1351 887
1351 1644
1351 2121
1352 1829
1352 2411
1353 2895
1354 2807
1355 2861
1355 2978
1356 1762
1357 12
1357 150
1357 794
1357 839
1357 1041
1358 2914
1359 2174
1360 1360
1361 288
1362 468
1362 486
1362 509
1363 1172
1363 1822
1363 2510
1364 407
1364 2184
1364 2240
1365 1504
1365 1933
1366 106
1366 561
1366 716
1366 876
1366 1058
1366 1180
1366 1183
1366 2088
1366 2577
1366 2578
1367 2942
1368 306
1369 371
1369 1981
1369 3063
1370 1283
1371 1962
1372 1841
1373 1885
1373 1948
1374 2078
1375 1375
1376 775
1377 1438
1378 2902
1379 877
1379 1155
1379 1823
1379 2353
1379 2375
1379 2441
1380 742
1380 1416
1381 1846
1381 2322
1382 327
1382 3032
1383 83
1383 515
1384 2775
1384 3045
1385 2451
1386 1635
1387 582
1388 47
1389 3036
1390 1231
1390 2173
1391 801
1391 2752
1392 222
1392 2631
1392 2852
1393 1721
1394 490
1395 1044
1395 2323
1395 2856
1395 2861
1395 2978
1396 1144
1396 2381
1397 785
1398 847
1398 1429
1398 2110
1398 2426
1399 1350
1399 1429
1399 1587
1399 1666
1399 2224
1399 2426
1399 2672
1400 1089
1400 1944
1401 1411
1401 2785
1402 2243
1403 1978
1404 1149
1404 1404
1405 961
1406 98
1406 1406
1407 195
1407 1407
1408 1326
1409 2734
1410 300
1410 411
1410 579
1410 582
1410 1324
1410 1531
1410 2345
1410 2809
1410 2810
1410 3282
1411 374
1411 1286
1411 1401
1411 1726
1411 2067
1411 2366
1411 2367
1411 2368
1412 39
1412 3130
1413 787
1414 241
1414 402
1414 1422
1414 2856
1415 1668
1415 1835
1416 58
1416 740
1416 1380
1417 273
1417 1758
1417 2217
1417 2642
1418 285
1419 114
1419 1698
1419 2339
1419 2389
1420 757
1421 992
1422 16
1422 27
1422 29
1422 30
1422 51
1422 59
1422 137
1422 181
1422 220
1422 246
1422 289
1422 303
1422 314
1422 453
1422 492
1422 495
1422 527
1422 528
1422 549
1422 585
1422 586
1422 616
1422 633
1422 775
1422 799
1422 807
1422 835
1422 887
1422 941
1422 962
1422 965
1422 968
1422 978
1422 1009
1422 1013
1422 1015
1422 1034
1422 1071
1422 1117
1422 1157
1422 1219
1422 1238
1422 1251
1422 1273
1422 1343
1422 1414
1422 1470
1422 1582
1422 1590
1422 1607
1422 1630
1422 1644
1422 1658
1422 1663
1422 1724
1422 1834
1422 2021
1422 2023
1422 2047
1422 2053
1422 2064
1422 2115
1422 2116
1422 2139
1422 2181
1422 2230
1422 2234
1422 2244
1422 2254
1422 2257
1422 2396
1422 2398
1422 2434
1422 2443
1422 2474
1422 2488
1422 2582
1422 2619
1422 2646
1422 2647
1422 2648
1422 2660
1422 2661
1422 2665
1422 2678
1422 2778
1422 2779
1422 2780
1422 2815
1422 2816
1422 2817
1422 2818
1422 2819
1422 2820
1422 2821
1422 2822
1422 2823
1422 2824
1422 2825
1423 371
1423 2059
1424 709
1424 764
1425 919
1426 1033
1426 3145
1427 1343
1427 2920
1428 1884
1428 3031
1429 43
1429 144
1429 152
1429 1097
1429 1130
1429 1398
1429 1399
1429 1625
1429 1759
1429 1853
1429 1989
1429 2110
1429 2147
1429 2331
1429 2419
1429 2420
1429 2421
1429 2518
1430 889
1430 1973
1431 3
1431 64
1431 1237
1432 1160
1433 3056
1433 3057
1434 101
1434 204
1435 567
1435 1854
1435 2725
1435 2726
1435 2893
1436 901
1436 1810
1437 812
1437 2259
1438 457
1438 1377
1439 147
1439 428
1439 661
1439 2623
1439 2635
1440 953
1440 2124
1440 2732
1440 3028
1441 1762
1441 2600
1441 2666
1442 2436
1443 61
1443 2013
1444 211
1445 2020
1445 2401
1446 751
1446 1574
1447 28
1447 595
1447 641
1447 751
1447 2557
1447 2806
1448 1971
1448 2353
1448 2734
1449 1147
1449 1324
1449 2603
1450 1505
1451 19
1451 3294
1452 345
1453 198
1453 1625
1453 1875
1454 109
1455 142
1455 2730
1456 2188
1456 2690
1457 381
1457 2156
1457 2641
1457 2949
1457 2950
1458 2966
1459 841
1459 1459
1460 629
1460 737
1461 956
1461 1022
1461 1271
1461 1302
1461 2215
1461 2598
1461 2913
1462 1313
1462 2039
1462 3236
1463 2700
1464 541
1464 1551
1465 2827
1466 286
1467 1097
1468 1867
1468 2350
1469 920
1469 2163
1470 633
1470 1422
1471 603
1471 682
1471 709
1471 1091
1471 2492
1471 2856
1471 2948
1471 3120
1472 670
1472 1813
1472 2210
1472 2643
1472 3039
1473 468
1473 1212
1473 2958
1474 70
1474 991
1475 3253
1476 2652
1477 541
1477 564
1478 469
1478 573
1479 1479
1480 303
1480 1112
1480 1214
1480 2711
1480 2777
1481 660
1482 218
1483 1795
1483 1821
1484 905
1484 1920
1484 2063
1484 2113
1484 2907
1485 721
1485 1135
1486 1864
1487 1491
1487 2138
1488 86
1489 1805
1490 2033
1491 666
1491 1487
1491 1767
1491 2060
1492 1625
1492 2562
1493 13
1493 1023
1493 1167
1493 1894
1493 2187
1493 2708
1494 2239
1495 1929
1496 883
1497 2336
1498 515
1499 3127
1500 1500
1501 6
1502 2201
1503 1503
1503 1674
1504 1365
1504 1933
1505 829
1505 1450
1505 2410
1505 3262
1506 538
1506 623
1507 2995
1508 461
1509 3049
1510 49
1510 1253
1511 2500
1512 759
1513 2300
1514 61
1515 998
1515 2050
1516 582
1517 847
1517 1580
1517 1875
1517 2183
1517 2361
1517 2362
1518 574
1518 1109
1518 1518
1518 2267
1519 3216
1520 1520
1521 854
1522 194
1522 397
1522 2245
1522 2335
1523 1285
1523 3161
1523 3162
1523 3163
1523 3164
1524 3026
1524 3056
1525 582
1526 1100
1527 81
1527 591
1528 225
1529 409
1529 503
1529 1925
1529 3191
1530 667
1530 1099
1531 228
1531 300
1531 484
1531 579
1531 1210
1531 1410
1532 450
1532 1915
1533 113
1533 2922
1534 208
1534 404
1534 1035
1534 1896
1534 2699
1535 1763
1536 265
1536 319
1536 1536
1536 2220
1536 2451
1537 524
1537 806
1538 114
1539 2650
1540 2363
1541 3092
1542 2419
1542 2555
1543 254
1543 449
1543 1286
1543 2067
1543 2728
1544 2890
1545 790
1545 1000
1545 2400
1545 3020
1546 772
1547 2431
1548 2271
1548 3257
1549 1549
1550 2036
1551 110
1551 1464
1551 1704
1551 2269
1551 2332
1551 3263
1552 1552
1553 1237
1554 943
1554 3037
1555 667
1555 1079
1555 2015
1555 2468
1556 1144
1557 172
1557 709
1557 1028
1557 2321
1557 2322
1557 3217
1558 2331
1559 1593
1560 427
1560 1705
1560 2556
1561 136
1561 450
1561 2228
1562 774
1562 1324
1563 280
1563 3055
1564 1029
1565 670
1566 135
1567 16
1567 314
1567 616
1567 691
1567 886
1567 965
1567 968
1567 1013
1567 1117
1567 1708
1567 2182
1567 2204
1567 2415
1567 2417
1567 2634
1567 2652
1567 2920
1568 2484
1568 2677
1568 2762
1568 2763
1569 908
1569 2704
1570 486
1570 509
1570 559
1570 1202
1570 2356
1571 2055
1571 3109
1571 3110
1571 3111
1572 3042
1573 802
1574 825
1574 1348
1574 1446
1575 501
1575 1944
1575 2477
1575 2914
1576 2174
1577 1001
1577 1119
1577 1882
1577 2550
1578 28
1579 1092
1580 1517
1580 1640
1580 2183
1580 2360
1580 2361
1580 2362
1580 2504
1580 2875
1581 3232
1582 236
1582 242
1582 1422
1582 2032
1582 2299
1583 506
1583 517
1583 1011
1583 1843
1583 2387
1583 2581
1583 3072
1584 946
1584 2379
1584 2380
1585 293
1585 483
1585 813
1585 1211
1585 1296
1585 1874
1585 2020
1585 2461
1585 2766
1585 2767
1585 2775
1586 562
1586 1231
1586 3231
1587 1399
1587 1625
1587 1989
1587 2110
1587 2147
1587 2331
1587 2419
1587 2420
1587 2421
1587 2914
1588 2467
1589 1076
1589 2452
1589 3261
1590 1422
1590 1943
1591 770
1591 982
1591 1130
1591 1665
1591 2293
1591 2619
1592 456
1593 1559
1594 202
1595 2940
1596 283
1596 1045
1596 3241
1596 3242
1597 262
1598 2285
1599 453
1599 2116
1600 336
1600 1180
1600 1183
1600 2843
1600 3019
1601 2696
1602 1602
1603 217
1603 1319
1603 2862
1604 3096
1605 16
1605 314
1605 373
1605 616
1605 622
1605 850
1605 912
1605 968
1605 1013
1605 1117
1605 1708
1605 1943
1605 2414
1605 2415
1605 2417
1605 2634
1605 2920
1606 2687
1607 51
1607 1034
1607 1422
1607 2474
1608 2192
1609 1131
1609 1625
1609 1877
1610 1733
1610 1744
1610 3016
1611 2071
1612 2307
1613 690
1613 2058
1613 2723
1614 1975
1615 2643
1616 160
1616 934
1616 1752
1617 52
1617 1034
1617 1724
1617 2211
1617 2474
1617 2921
1617 2922
1617 3008
1618 1864
1619 1044
1619 2323
1620 62
1620 194
1620 304
1620 429
1620 494
1620 541
1620 637
1620 808
1620 1027
1620 1087
1620 1326
1620 1771
1620 1817
1620 1826
1620 2245
1620 2335
1620 2439
1620 2559
1620 2628
1620 2633
1620 2717
1620 2971
1620 3020
1621 530
1621 856
1622 12
1622 150
1622 224
1623 1627
1623 1938
1624 3031
1624 3032
1625 31
1625 43
1625 154
1625 414
1625 661
1625 875
1625 968
1625 1019
1625 1070
1625 1097
1625 1251
1625 1429
1625 1453
1625 1492
1625 1587
1625 1609
1625 1666
1625 1759
1625 1821
1625 1875
1625 1965
1625 2224
1625 2428
1625 2618
1625 2629
1625 2635
1625 2677
1625 2678
1625 2881
1626 1897
1626 2851
1627 1623
1627 1938
1628 2155
1629 1220
1629 2472
1630 451
1630 1422
1630 2618
1631 133
1632 1632
1633 2619
1634 2208
1634 2856
1634 2861
1635 1112
1635 1386
1636 1876
1637 259
1638 951
1639 102
1640 1580
1640 1923
1640 2183
1641 530
1642 2473
1643 3310
1644 453
1644 492
1644 1012
1644 1034
1644 1112
1644 1214
1644 1351
1644 1422
1644 2021
1644 2247
1644 2404
1644 2777
1645 980
1646 1898
1647 147
1647 428
1647 755
1647 773
1647 1112
1647 2623
1648 1288
1648 2266
1649 1805
1650 120
1650 337
1650 2883
1651 487
1651 734
1651 3292
1652 2729
1653 1714
1654 2312
1655 216
1655 434
1655 650
1655 2000
1655 2331
1655 2504
1655 3201
1656 455
1656 1656
1657 2863
1658 1422
1659 1120
1659 1659
1660 405
1660 582
1661 2272
1662 1092
1662 3177
1663 346
1663 1422
1663 2396
1664 3084
1664 3285
1665 468
1665 872
1665 1591
1665 1670
1665 2630
1666 152
1666 414
1666 847
1666 1130
1666 1131
1666 1230
1666 1399
1666 1625
1666 1989
1666 2110
1666 2426
1666 2434
1667 2600
1667 3275
1668 154
1668 894
1668 1008
1668 1415
1668 2399
1669 248
1669 297
1670 10
1670 1665
1670 3245
1671 792
1671 2400
1672 877
1672 1155
1672 1971
1672 2353
1673 3104
1674 1503
1675 1063
1675 2541
1676 471
1676 713
1676 2551
1676 2585
1676 2601
1677 156
1677 1143
1677 1235
1677 1737
1678 28
1678 2316
1678 2628
1679 3283
1680 309
1681 1336
1682 695
1682 727
1683 1836
1683 2220
1683 2447
1683 2448
1683 2449
1683 2450
1683 2451
1684 430
1684 455
1685 3125
1686 114
1687 78
1687 254
1687 969
1687 1992
1687 3210
1688 1914
1689 1258
1690 2221
1691 777
1692 334
1693 582
1694 1241
1694 2485
1695 2037
1695 3082
1696 1760
1696 3106
1697 75
1698 1419
1698 1705
1698 2465
1698 2583
1699 904
1699 1330
1699 2369
1700 385
1701 201
1701 582
1702 136
1702 1711
1702 1774
1703 1010
1704 110
1704 472
1704 541
1704 1551
1704 2269
1704 2332
1705 427
1705 1560
1705 1698
1705 2114
1705 2556
1706 907
1706 2270
1707 667
1707 760
1707 1079
1707 1179
1708 16
1708 314
1708 373
1708 616
1708 622
1708 912
1708 1117
1708 1567
1708 1605
1708 1943
1708 2415
1708 2417
1708 2593
1708 2634
1708 2920
1709 331
1709 1083
1709 2943
1710 87
1710 2112
1710 2215
1710 2913
1711 1702
1711 1774
1712 701
1713 140
1714 1653
1714 1869
1715 784
1716 947
1717 629
1717 2627
1718 208
1718 218
1718 404
1718 438
1718 2432
1718 2699
1718 2701
1719 2586
1720 659
1720 1173
1721 1220
1721 1393
1721 1959
1721 2472
1721 2667
1721 2669
1722 2964
1723 747
1724 529
1724 1198
1724 1214
1724 1422
1724 1617
1724 1958
1724 2253
1724 2540
1725 715
1725 773
1725 2264
1725 2404
1725 2863
1726 1411
1726 2368
1726 2785
1727 1865
1728 352
1728 3185
1729 505
1729 2345
1730 2514
1730 2790
1731 43
1731 237
1731 1275
1731 1943
1731 2230
1731 2442
1731 2770
1732 2033
1733 1123
1733 1610
1734 61
1734 2013
1735 562
1736 138
1736 151
1736 242
1736 468
1736 972
1736 982
1737 1677
1737 2243
1738 672
1738 1156
1739 1274
1740 661
1740 2635
1741 643
1742 2457
1743 2033
1744 1610
1745 37
1746 371
1746 1981
1746 2339
1746 3063
1747 2121
1747 2390
1748 102
1749 1349
1750 581
1750 3306
1751 460
1751 2319
1752 1616
1753 582
1754 999
1755 170
1755 2363
1756 423
1757 630
1757 2319
1757 3024
1758 347
1758 416
1758 464
1758 1417
1758 2217
1758 2253
1758 2525
1759 31
1759 43
1759 136
1759 1429
1759 1625
1759 1918
1759 2618
1759 2619
1759 2630
1760 12
1760 150
1760 1696
1760 3106
1761 1128
1761 2428
1761 2562
1762 1356
1762 1441
1763 1535
1764 533
1764 978
1765 1765
1766 1991
1766 3175
1767 1189
1767 1208
1767 1491
1767 2168
1768 104
1768 541
1768 1964
1768 2741
1768 3263
1769 1308
1769 2763
1770 148
1770 1319
1770 2862
1771 1620
1771 1778
1772 254
1772 1822
1772 1890
1772 2067
1772 2222
1773 343
1774 1702
1774 1711
1775 1873
1776 804
1777 2224
1778 1771
1778 3246
1779 73
1779 497
1779 832
1779 2968
1780 863
1781 2656
1782 269
1782 441
1782 2457
1783 539
1783 697
1784 2231
1784 3197
1785 2346
1786 570
1787 2209
1788 2251
1789 812
1790 621
1791 1196
1791 2055
1791 2814
1792 3254
1793 375
1794 914
1795 859
1795 1483
1795 1821
1796 886
1797 637
1798 2524
1799 1811
1800 2842
1801 1003
1801 1216
1802 189
1802 1044
1802 2174
1802 2323
1803 858
1804 2457
1805 1489
1805 1649
1806 2799
1806 2860
1807 1086
1808 410
1808 473
1808 2202
1808 3005
1808 3239
1809 227
1809 266
1809 500
1809 3239
1810 901
1810 1436
1810 3031
1811 124
1811 1292
1811 1799
1811 1879
1811 2091
1811 2102
1811 3190
1812 243
1812 413
1812 2328
1813 1472
1813 2184
1813 3282
1814 1168
1814 2143
1815 2880
1816 1005
1817 450
1817 1620
1818 615
1818 1072
1818 1992
1818 2030
1819 109
1820 1954
1821 549
1821 1176
1821 1483
1821 1625
1821 1795
1821 2200
1822 33
1822 254
1822 508
1822 784
1822 1363
1822 1772
1822 1822
1822 1903
1822 2180
1822 2222
1822 3000
1822 3099
1822 3186
1822 3210
1822 3260
1823 195
1823 1379
1823 3038
1824 1883
1825 184
1825 1275
1825 2442
1826 1620
1827 3196
1828 443
1828 857
1828 2077
1828 2406
1829 119
1829 1043
1829 1352
1829 2035
1830 522
1831 2264
1831 2377
1831 2623
1832 920
1832 2163
1833 7
1833 108
1834 1422
1835 286
1835 1415
1835 2063
1835 2113
1835 2122
1836 624
1836 670
1836 865
1836 1116
1836 1683
1836 2446
1836 2575
1837 2806
1838 2187
1839 568
1840 523
1840 2348
1840 2349
1841 1193
1841 1372
1842 83
1842 2643
1843 292
1843 398
1843 1251
1843 1583
1844 2459
1845 44
1845 1227
1845 2742
1846 1381
1846 3237
1847 1151
1847 1907
1847 2727
1848 2401
1849 2400
1850 1933
1851 3117
1852 2018
1853 138
1853 347
1853 464
1853 468
1853 847
1853 1009
1853 1064
1853 1429
1853 2487
1853 2525
1854 802
1854 1435
1855 1123
1855 2343
1856 2973
1857 86
1858 602
1858 2031
1858 2541
1858 3029
1859 2221
1860 179
1860 2092
1861 76
1861 2528
1862 2579
1863 942
1863 2368
1864 675
1864 1222
1864 1486
1864 1618
1864 2507
1865 541
1865 674
1865 1307
1865 1727
1865 2283
1865 3039
1866 1016
1866 2081
1867 1468
1867 2351
1867 2357
1867 2358
1868 1186
1868 1218
1868 2725
1868 3060
1869 341
1869 1714
1870 2940
1871 13
1871 2477
1872 2652
1873 1775
1874 293
1874 813
1874 1585
1875 113
1875 435
1875 847
1875 1019
1875 1097
1875 1131
1875 1453
1875 1517
1875 1625
1875 1989
1875 2205
1875 2360
1875 2399
1875 2425
1875 2426
1875 2427
1876 1636
1877 548
1877 880
1877 1609
1877 1973
1877 2196
1877 2401
1878 310
1878 2445
1878 2931
1879 75
1879 322
1879 394
1879 607
1879 1097
1879 1333
1879 1811
1879 1956
1879 1986
1879 2205
1880 3142
1881 1881
1882 1577
1883 557
1883 1824
1883 2675
1884 1428
1885 1373
1886 1886
1887 576
1887 598
1887 2232
1887 2233
1887 2357
1887 2358
1887 2430
1888 2093
1889 329
1889 2514
1889 2747
1890 1772
1890 2222
1890 2625
1890 2879
1891 974
1891 3039
1892 1345
1893 639
1894 13
1894 1097
1894 1105
1894 1167
1894 1493
1894 2052
1894 2581
1894 2645
1894 2706
1894 2707
1895 2383
1896 72
1896 211
1896 218
1896 404
1896 438
1896 518
1896 717
1896 997
1896 1145
1896 1146
1896 1197
1896 1534
1896 2048
1896 2170
1896 2698
1896 2699
1896 2700
1896 2701
1896 2702
1896 2703
1896 2704
1897 1626
1898 1646
1899 2793
1900 3103
1901 1167
1901 2645
1902 717
1902 2699
1902 2970
1903 54
1903 269
1903 906
1903 1822
1903 2419
1903 2491
1904 167
1904 2663
1905 933
1906 2127
1906 3147
1907 226
1907 1241
1907 1847
1907 2005
1907 3117
1907 3222
1908 3289
1908 3290
1909 823
1910 2920
1910 3121
1911 121
1912 28
1912 2080
1913 810
1914 1688
1915 450
1915 544
1915 1253
1915 1532
1915 2302
1916 390
1916 2351
1917 2339
1917 3271
1918 307
1918 361
1918 875
1918 1759
1918 1995
1918 2443
1918 2646
1918 2647
1918 2792
1919 2259
1920 1484
1921 582
1921 637
1921 2316
1922 557
1923 1640
1923 2183
1924 3139
1925 1341
1925 1529
1926 2940
1927 191
1927 2548
1928 279
1928 688
1928 2326
1929 1495
1930 384
1931 898
1932 83
1932 1225
1932 2446
1932 3039
1933 420
1933 1365
1933 1504
1933 1850
1933 2537
1933 3002
1934 2265
1935 640
1936 2968
1937 2069
1938 1623
1938 1627
1939 1102
1939 2446
1940 136
1940 715
1940 2404
1940 2405
1941 2992
1942 23
1942 268
1943 27
1943 289
1943 302
1943 307
1943 314
1943 527
1943 585
1943 616
1943 622
1943 887
1943 965
1943 968
1943 1013
1943 1054
1943 1117
1943 1157
1943 1281
1943 1343
1943 1590
1943 1605
1943 1708
1943 1731
1943 2226
1943 2234
1943 2396
1943 2398
1943 2415
1943 2417
1943 2771
1943 2818
1944 65
1944 506
1944 532
1944 1011
1944 1400
1944 1575
1944 2532
1944 2533
1945 540
1946 2894
1947 753
1948 357
1948 999
1948 1373
1948 2350
1949 959
1949 970
1949 3067
1949 3200
1950 1079
1951 2982
1952 1110
1953 2041
1953 2843
1954 1820
1955 3089
1956 1879
1956 1965
1956 2755
1956 2958
1957 2171
1958 529
1958 1724
1959 1721
1960 67
1960 671
1961 595
1961 755
1962 1371
1962 3025
1963 842
1964 104
1964 1768
1965 450
1965 1251
1965 1625
1965 1956
1965 2487
1965 2881
1965 2958
1966 530
1967 285
1967 582
1967 637
1967 721
1967 2066
1967 2312
1967 2669
1968 230
1969 3293
1970 811
1970 2831
1970 2904
1971 177
1971 577
1971 1030
1971 1448
1971 1672
1971 2062
1971 2354
1971 2373
1971 2478
1972 3235
1973 1430
1973 1877
1973 2794
1974 3298
1975 1614
1976 2822
1977 933
1978 1403
1979 679
1979 1060
1979 2795
1980 2652
1981 371
1981 1193
1981 1260
1981 1369
1981 1746
1981 2340
1981 3014
1981 3063
1981 3297
1982 470
1983 1111
1983 3144
1984 2983
1985 2904
1986 1879
1986 2591
1986 2707
1987 709
1987 2174
1988 2407
1989 1429
1989 1587
1989 1666
1989 1875
1989 2425
1989 2426
1989 3021
1990 1093
1990 2161
1990 2423
1991 209
1991 348
1991 364
1991 1766
1992 91
1992 123
1992 253
1992 455
1992 798
1992 884
1992 1687
1992 1818
1992 2347
1992 2814
1992 3131
1993 1199
1994 165
1995 1918
1995 2089
1996 435
1996 2875
1997 585
1997 1997
1997 2107
1997 2264
1998 572
1999 865
1999 2212
1999 2575
2000 1655
2000 2632
2001 198
2002 2398
2003 161
2004 3135
2005 567
2005 1907
2005 2709
2005 2727
2006 987
2007 3258
2007 3259
2008 2813
2009 58
2009 284
2009 2009
2010 943
2010 3037
2011 439
2011 2076
2012 2742
2013 1443
2013 1734
2014 2172
2014 3080
2015 278
2015 1555
2016 2566
2017 2174
2017 2409
2018 1852
2019 870
2020 483
2020 1445
2020 1585
2020 2508
2021 27
2021 835
2021 887
2021 895
2021 1422
2021 1644
2021 2023
2021 2648
2022 2273
2022 3063
2022 3297
2023 27
2023 229
2023 895
2023 1012
2023 1214
2023 1290
2023 1422
2023 2021
2023 2282
2023 2777
2024 850
2025 304
2025 494
2025 2971
2026 3268
2027 24
2028 429
2028 707
2028 2717
2029 3197
2030 1818
2031 1858
2031 3029
2032 242
2032 1582
2032 2299
2033 1490
2033 1732
2033 1743
2033 2473
2034 11
2035 700
2035 1829
2036 1550
2037 1695
2037 3082
2038 2902
2039 1462
2040 2951
2041 1165
2041 1953
2041 2461
2041 3214
2042 2303
2043 78
2044 2516
2045 2778
2046 984
2047 1422
2047 2985
2048 1896
2048 2706
2049 574
2050 1515
2050 2584
2050 3292
2051 2464
2052 1094
2052 1894
2052 2895
2053 453
2053 1214
2053 1422
2054 1046
2054 1087
2054 1221
2055 1571
2055 1791
2056 3233
2057 25
2057 1130
2058 1287
2058 1613
2058 2723
2059 28
2059 142
2059 1423
2060 1189
2060 1208
2060 1491
2061 366
2062 1030
2062 1971
2062 2062
2062 2378
2062 3152
2063 61
2063 247
2063 548
2063 796
2063 1484
2063 1835
2063 2113
2063 2196
2063 2907
2064 1422
2064 2396
2065 2682
2065 3198
2066 582
2066 637
2066 808
2066 1967
2066 2189
2066 2559
2067 254
2067 266
2067 1411
2067 1543
2067 1772
2067 2222
2067 2497
2067 2728
2067 2729
2067 2785
2068 148
2068 2068
2069 1937
2070 2732
2071 1611
2072 2938
2073 347
2073 1019
2073 2589
2074 114
2075 3069
2076 189
2076 2011
2077 1828
2078 1374
2078 2078
2079 233
2080 135
2080 577
2080 1912
2080 2346
2080 2658
2080 2659
2081 769
2081 1866
2082 1038
2082 2951
2083 250
2083 2106
2084 2197
2085 1002
2086 1159
2087 891
2088 247
2088 1366
2089 79
2089 468
2089 680
2089 1995
2089 2217
2090 2944
2091 1811
2092 1298
2092 1860
2092 2435
2092 2718
2092 3212
2093 1888
2094 2968
2094 2969
2095 1227
2095 2245
2095 2335
2096 2952
2097 213
2097 962
2097 968
2097 993
2097 2434
2097 2561
2097 2770
2097 2824
2097 2920
2098 980
2099 459
2099 757
2100 582
2101 2229
2102 1811
2103 390
2103 2103
2104 938
2104 3265
2105 390
2105 600
2106 2083
2107 1997
2107 2398
2108 487
2108 1021
2109 2901
2110 144
2110 1130
2110 1398
2110 1429
2110 1587
2110 1666
2111 389
2112 1033
2112 1307
2112 1710
2113 61
2113 1484
2113 1835
2113 2063
2113 2907
2114 427
2114 1705
2114 2556
2115 1422
2115 2777
2115 2961
2116 303
2116 586
2116 1422
2116 1599
2117 2887
2118 1344
2119 55
2119 796
2119 2196
2120 3003
2121 1351
2121 1747
2121 2390
2122 115
2122 1835
2122 2399
2123 899
2124 765
2124 1440
2125 2816
2126 626
2127 1906
2127 2836
2128 755
2128 1071
2128 2664
2128 2817
2129 426
2130 103
2130 2130
2130 2477
2131 2131
2132 634
2132 2275
2132 2628
2132 2894
2133 160
2133 934
2134 582
2134 624
2134 2906
2135 3105
2136 914
2136 2503
2137 7
2137 108
2138 1487
2139 1422
2140 22
2140 743
2140 2546
2141 292
2141 2849
2142 1331
2142 2965
2143 1814
2144 2250
2145 903
2146 2498
2147 1429
2147 1587
2147 2420
2148 1011
2149 2784
2150 17
2151 493
2151 2713
2152 1145
2153 465
2153 2345
2153 3194
2153 3282
2154 429
2154 2987
2154 3205
2155 380
2155 1628
2155 3180
2156 1457
2157 370
2158 100
2158 1026
2159 1320
2159 2889
2159 2890
2160 792
2160 2475
2161 1093
2161 1990
2161 2423
2162 2619
2163 526
2163 1469
2163 1832
2163 2545
2164 1327
2165 2558
2166 16
2166 314
2166 616
2166 691
2166 965
2166 968
2166 1013
2166 1117
2166 2204
2166 2415
2166 2417
2166 2634
2167 3123
2168 1767
2169 191
2169 3265
2170 1896
2170 2699
2171 1957
2172 2014
2173 1390
2174 98
2174 241
2174 466
2174 620
2174 709
2174 1264
2174 1359
2174 1576
2174 1802
2174 1987
2174 2017
2174 2412
2174 2438
2174 2507
2174 2856
2174 3130
2175 2307
2176 917
2176 2848
2177 860
2178 861
2178 3230
2179 405
2179 582
2180 1822
2180 3099
2181 492
2181 686
2181 835
2181 1422
2181 2181
2181 2823
2182 693
2182 850
2182 886
2182 1567
2183 1517
2183 1580
2183 1640
2183 1923
2183 2311
2183 2361
2184 1364
2184 1813
2185 48
2185 361
2185 590
2185 2206
2185 2282
2185 3141
2185 3142
2186 1184
2187 1493
2187 1838
2188 1456
2189 92
2189 106
2189 379
2189 637
2189 1087
2189 2066
2189 2736
2189 2772
2189 2916
2189 3011
2189 3205
2190 2207
2191 560
2192 1608
2193 2738
2194 2194
2195 2563
2196 138
2196 242
2196 450
2196 468
2196 930
2196 968
2196 1136
2196 1877
2196 2063
2196 2119
2196 2217
2196 2505
2196 2517
2196 3255
2197 2084
2198 102
2199 677
2200 1821
2200 2434
2201 1502
2202 843
2202 1808
2202 2522
2203 476
2204 413
2204 1567
2204 2166
2204 2593
2205 847
2205 1875
2205 1879
2206 590
2206 2185
2206 2863
2207 2190
2207 2530
2208 1634
2208 3120
2209 863
2209 1787
2209 2551
2209 2552
2209 2601
2210 1239
2210 1472
2210 3145
2211 1232
2211 1617
2212 566
2212 865
2212 1999
2212 2575
2213 739
2214 452
2214 652
2214 3279
2215 87
2215 1461
2215 1710
2216 786
2217 151
2217 273
2217 396
2217 468
2217 796
2217 1417
2217 1758
2217 2089
2217 2196
2217 2517
2217 2630
2217 2642
2218 194
2218 638
2218 923
2219 723
2219 1260
2219 2339
2220 265
2220 319
2220 1536
2220 1683
2220 2446
2221 1690
2221 1859
2222 254
2222 1772
2222 1822
2222 1890
2222 2067
2223 1139
2224 994
2224 1399
2224 1625
2224 1777
2224 2672
2224 2673
2225 578
2226 962
2226 968
2226 1176
2226 1232
2226 1281
2226 1943
2226 2361
2226 2434
2227 321
2227 3072
2228 38
2228 49
2228 148
2228 170
2228 491
2228 682
2228 1561
2228 2228
2228 2363
2228 2364
2229 2101
2230 307
2230 1214
2230 1422
2230 1731
2230 2619
2230 2777
2230 2779
2230 2855
2231 1784
2232 1062
2232 1887
2233 458
2233 1887
2233 2372
2234 965
2234 968
2234 1281
2234 1422
2234 1943
2234 2824
2235 744
2236 481
2237 422
2237 1319
2237 2862
2237 3258
2238 344
2239 1494
2239 2629
2240 1364
2241 718
2242 992
2243 1402
2243 1737
2244 1422
2244 2863
2245 70
2245 1235
2245 1326
2245 1522
2245 1620
2245 2095
2246 1194
2247 887
2247 1644
2248 2285
2249 582
2249 1239
2250 2144
2250 2399
2251 1788
2251 3283
2252 778
2252 853
2252 3221
2252 3222
2253 1724
2253 1758
2254 219
2254 303
2254 388
2254 453
2254 755
2254 1422
2254 3085
2255 2485
2255 3211
2256 665
2257 755
2257 1422
2257 2593
2257 2824
2257 2920
2258 582
2259 332
2259 545
2259 1046
2259 1256
2259 1437
2259 1919
2259 2278
2259 2449
2260 662
2261 777
2262 182
2262 3283
2263 2407
2264 147
2264 428
2264 661
2264 715
2264 773
2264 1725
2264 1831
2264 1997
2264 2635
2264 2937
2265 1934
2266 865
2266 1648
2267 574
2267 1518
2268 909
2269 95
2269 472
2269 541
2269 1551
2269 1704
2269 2332
2269 3263
2270 1706
2271 82
2271 1548
2271 3257
2272 1661
2273 2022
2274 499
2275 421
2275 2132
2275 2894
2276 1348
2277 255
2277 886
2277 2652
2278 2259
2278 2643
2278 3039
2279 2279
2280 1249
2281 2648
2282 27
2282 229
2282 644
2282 887
2282 1012
2282 2023
2282 2185
2282 2824
2283 1865
2284 98
2284 2297
2285 1598
2285 2248
2286 2959
2287 534
2288 2539
2289 2902
2290 617
2290 619
2291 2823
2292 504
2292 624
2292 950
2292 2908
2292 2945
2293 724
2293 1591
2294 2294
2295 450
2295 542
2296 205
2296 783
2296 2643
2297 98
2297 2284
2298 953
2299 151
2299 242
2299 450
2299 468
2299 1582
2299 2032
2300 376
2300 1513
2301 915
2302 544
2302 1915
2303 2042
2304 2526
2305 797
2305 942
2306 1186
2306 3148
2307 1612
2307 2175
2308 2341
2308 2694
2309 791
2309 2334
2309 3159
2309 3160
2310 731
2311 981
2311 1242
2311 2183
2311 2361
2311 2875
2312 28
2312 1654
2312 1967
2312 2401
2313 28
2313 878
2314 28
2314 471
2314 713
2314 2339
2314 2585
2314 2735
2315 28
2315 136
2316 28
2316 80
2316 392
2316 819
2316 923
2316 1311
2316 1678
2316 1921
2316 2383
2316 2545
2316 2670
2317 436
2318 893
2319 630
2319 1751
2319 1757
2320 172
2320 709
2320 1028
2320 2321
2320 2322
2320 3217
2321 620
2321 1557
2321 2320
2322 172
2322 1381
2322 1557
2322 2320
2323 1044
2323 1395
2323 1619
2323 1802
2323 2433
2324 55
2324 2504
2325 593
2325 1213
2326 279
2326 1928
2327 198
2328 1031
2328 1812
2329 716
2329 1031
2329 1180
2329 2610
2329 2611
2330 1011
2331 25
2331 1130
2331 1429
2331 1558
2331 1587
2331 1655
2331 2426
2332 1551
2332 1704
2332 2269
2333 2334
2334 2309
2334 2333
2334 2536
2335 70
2335 1235
2335 1326
2335 1522
2335 1620
2335 2095
2336 1497
2337 762
2337 2429
2338 2339
2338 2340
2339 362
2339 736
2339 815
2339 1049
2339 1419
2339 1746
2339 1917
2339 2219
2339 2314
2339 2338
2339 2462
2339 3063
2339 3271
2340 362
2340 1981
2340 2338
2341 49
2341 2308
2341 2342
2342 66
2342 2341
2342 2873
2342 3038
2343 942
2343 1084
2343 1123
2343 1855
2344 1164
2345 465
2345 1410
2345 1729
2345 2153
2345 2346
2345 2347
2346 1785
2346 2080
2346 2345
2347 1992
2347 2345
2348 282
2348 1163
2348 1224
2348 1840
2348 2349
2348 3034
2348 3035
2349 523
2349 1840
2349 2348
2350 357
2350 1468
2350 1948
2350 2351
2351 357
2351 999
2351 1867
2351 1916
2351 2350
2351 2372
2352 431
2352 696
2352 869
2352 1268
2353 877
2353 1030
2353 1155
2353 1379
2353 1448
2353 1672
2353 2354
2354 1030
2354 1971
2354 2353
2355 2356
2356 486
2356 1202
2356 1570
2356 2355
2357 1867
2357 1887
2357 2358
2358 458
2358 1867
2358 1887
2358 2357
2358 2430
2358 2649
2359 2359
2360 847
2360 1580
2360 1875
2360 2361
2360 2362
2361 434
2361 549
2361 1275
2361 1517
2361 1580
2361 2183
2361 2226
2361 2311
2361 2360
2361 2442
2361 2504
2361 2875
2362 434
2362 1517
2362 1580
2362 2360
2362 2504
2363 881
2363 1540
2363 1755
2363 2228
2363 3156
2364 881
2364 2228
2365 74
2365 3155
2366 78
2366 954
2366 1286
2366 1411
2366 2785
2366 3275
2367 578
2367 1411
2367 2539
2367 2547
2367 2785
2367 3144
2368 374
2368 1411
2368 1726
2368 1863
2368 2785
2368 2938
2369 709
2369 904
2369 1264
2369 1330
2369 1699
2369 2370
2369 2371
2370 69
2370 2369
2371 904
2371 1330
2371 2369
2371 2371
2371 2869
2372 1030
2372 2233
2372 2351
2372 2373
2372 2374
2372 2375
2373 1971
2373 2372
2374 2372
2375 761
2375 781
2375 877
2375 1155
2375 1379
2375 2372
2376 625
2377 816
2377 937
2377 1831
2378 54
2378 2062
2379 946
2379 1584
2379 2380
2380 520
2380 618
2380 1584
2380 2379
2380 2402
2380 2532
2381 1282
2381 1396
2381 2382
2382 1144
2382 2381
2383 1895
2383 2316
2384 583
2385 663
2385 756
2385 2386
2385 2888
2386 2385
2387 1583
2388 38
2388 446
2388 2389
2389 1419
2389 2388
2390 1747
2390 2121
2391 234
2391 582
2392 2393
2393 1297
2393 2392
2394 2395
2395 2394
2395 2459
2396 528
2396 691
2396 1122
2396 1342
2396 1422
2396 1663
2396 1943
2396 2064
2396 2397
2396 2398
2397 2396
2398 237
2398 307
2398 1214
2398 1251
2398 1343
2398 1422
2398 1943
2398 2002
2398 2107
2398 2396
2398 2824
2398 2920
2399 350
2399 1070
2399 1668
2399 1875
2399 2122
2399 2250
2399 2856
2400 567
2400 1000
2400 1326
2400 1545
2400 1671
2400 1849
2400 3081
2401 286
2401 1445
2401 1848
2401 1877
2401 2312
2401 2919
2401 2953
2402 520
2402 2380
2403 1106
2404 147
2404 428
2404 492
2404 661
2404 715
2404 887
2404 1644
2404 1725
2404 1940
2404 2635
2404 2914
2405 147
2405 377
2405 428
2405 661
2405 715
2405 1940
2405 2635
2406 443
2406 857
2406 1299
2406 1828
2407 1988
2407 2263
2408 164
2409 2017
2410 68
2410 829
2410 1505
2410 3262
2411 552
2411 1352
2412 620
2412 2174
2413 81
2413 558
2413 591
2413 1152
2413 2700
2414 16
2414 616
2414 1605
2414 2594
2415 16
2415 373
2415 622
2415 912
2415 962
2415 1567
2415 1605
2415 1708
2415 1943
2415 2166
2415 2488
2415 2594
2416 16
2416 691
2416 2594
2416 2634
2417 16
2417 622
2417 962
2417 1567
2417 1605
2417 1708
2417 1943
2417 2166
2417 2488
2417 2594
2418 986
2419 746
2419 1429
2419 1542
2419 1587
2419 1903
2419 2555
2420 122
2420 827
2420 1429
2420 1587
2420 2147
2421 263
2421 705
2421 1130
2421 1429
2421 1587
2421 2426
2421 2652
2422 1093
2422 2423
2423 1093
2423 1990
2423 2161
2423 2422
2423 2423
2423 2424
2424 1093
2424 2423
2424 3005
2425 816
2425 1875
2425 1989
2425 2425
2425 3021
2426 993
2426 1097
2426 1398
2426 1399
2426 1666
2426 1875
2426 1989
2426 2331
2426 2421
2426 3022
2427 76
2427 1875
2427 2427
2428 414
2428 1625
2428 1761
2428 2562
2429 2337
2430 1887
2430 2358
2431 1547
2432 208
2432 218
2432 1718
2433 189
2433 353
2433 885
2433 976
2433 1044
2433 1222
2433 2323
2433 2433
2433 2651
2434 1176
2434 1422
2434 1666
2434 2097
2434 2200
2434 2226
2434 2487
2434 2561
2434 2877
2434 3066
2435 179
2435 2092
2436 1442
2437 664
2437 1203
2438 620
2438 2174
2439 412
2439 637
2439 1620
2439 2440
2440 2439
2441 177
2441 877
2441 1155
2441 1379
2441 2683
2442 677
2442 985
2442 1015
2442 1731
2442 1825
2442 2361
2442 2443
2442 2504
2443 361
2443 1214
2443 1275
2443 1422
2443 1918
2443 2442
2443 2646
2443 2647
2444 673
2444 2949
2444 2951
2445 1878
2446 582
2446 1836
2446 1932
2446 1939
2446 2220
2446 2447
2446 2448
2446 2449
2446 2450
2446 2451
2447 1683
2447 2446
2448 1683
2448 2446
2449 1683
2449 2259
2449 2446
2449 2643
2450 1683
2450 2446
2451 265
2451 1385
2451 1536
2451 1683
2451 2446
2452 1589
2452 3148
2453 890
2453 2453
2454 49
2454 1253
2454 2856
2454 2861
2455 2456
2456 2455
2457 604
2457 979
2457 988
2457 1742
2457 1782
2457 1804
2457 2458
2457 2459
2457 2460
2458 2457
2459 1844
2459 2395
2459 2457
2459 3134
2460 2457
2461 1165
2461 1585
2461 2041
2461 3214
2462 371
2462 1049
2462 2339
2463 567
2463 642
2463 3112
2464 2051
2464 2464
2465 39
2465 744
2465 1698
2466 877
2466 1155
2467 1588
2468 278
2468 1555
2468 2469
2469 2468
2470 891
2471 1220
2471 2472
2472 1629
2472 1721
2472 2471
2472 2667
2472 2669
2472 2863
2473 12
2473 150
2473 1642
2473 2033
2474 220
2474 453
2474 1012
2474 1034
2474 1112
2474 1214
2474 1422
2474 1607
2474 1617
2474 2777
2474 2824
2474 2920
2475 792
2475 2160
2476 427
2476 536
2476 840
2476 2556
2477 975
2477 1575
2477 1871
2477 2130
2477 2914
2478 781
2478 1971
2479 1261
2479 2479
2479 2480
2480 691
2480 1261
2480 2479
2480 2593
2480 2594
2481 560
2481 1245
2482 695
2482 1251
2483 565
2484 214
2484 1568
2484 2763
2485 567
2485 1694
2485 2255
2486 12
2486 138
2486 150
2486 839
2486 2487
2487 138
2487 755
2487 1853
2487 1965
2487 2434
2487 2486
2488 373
2488 912
2488 1025
2488 1422
2488 2415
2488 2417
2489 2490
2490 78
2490 669
2490 2489
2490 2729
2490 3239
2491 1903
2492 682
2492 1471
2492 2492
2492 2856
2492 2948
2492 3120
2493 649
2493 2643
2493 3039
2494 1107
2495 860
2495 1004
2495 1107
2495 3277
2495 3284
2496 822
2496 1043
2496 3263
2497 370
2497 2067
2498 2146
2499 441
2499 747
2499 960
2500 1511
2501 1069
2502 1069
2503 650
2503 2136
2504 677
2504 1238
2504 1275
2504 1580
2504 1655
2504 2324
2504 2361
2504 2362
2504 2442
2504 2505
2505 136
2505 157
2505 186
2505 450
2505 1009
2505 2196
2505 2504
2505 2518
2505 2595
2505 2878
2506 196
2507 1864
2507 2174
2507 2508
2507 2509
2507 2870
2508 98
2508 1078
2508 1259
2508 2020
2508 2507
2509 98
2509 2507
2510 884
2510 1363
2511 1129
2511 2512
2512 1018
2512 1032
2512 2511
2512 3231
2513 540
2513 654
2513 2906
2514 1730
2514 1889
2514 2515
2515 329
2515 2514
2515 2747
2516 2044
2517 136
2517 395
2517 396
2517 450
2517 744
2517 882
2517 930
2517 2196
2517 2217
2517 2714
2517 2715
2517 2716
2518 136
2518 847
2518 1429
2518 2505
2519 15
2520 1112
2520 2521
2521 2520
2521 2521
2522 473
2522 2202
2522 3239
2523 51
2523 2523
2524 1798
2525 347
2525 1064
2525 1202
2525 1758
2525 1853
2525 2630
2526 50
2526 1349
2526 2304
2527 50
2527 971
2527 1263
2528 76
2528 1861
2528 2528
2529 584
2529 1039
2529 1170
2530 1082
2530 2207
2531 415
2532 1944
2532 2380
2532 2832
2533 1944
2534 588
2534 668
2535 588
2535 1255
2536 2334
2536 2639
2537 463
2537 1933
2538 463
2539 2288
2539 2367
2539 2539
2539 3144
2540 1724
2541 958
2541 1063
2541 1675
2541 1858
2542 1137
2543 889
2543 2794
2544 152
2545 920
2545 2163
2545 2316
2546 2140
2546 2547
2547 2367
2547 2546
2547 3144
2548 1927
2548 2549
2549 254
2549 843
2549 2548
2549 2576
2550 1119
2550 1577
2551 471
2551 713
2551 1676
2551 2209
2551 2552
2552 2209
2552 2551
2552 2601
2553 586
2554 70
2554 991
2555 683
2555 1542
2555 2419
2555 3185
2556 840
2556 1560
2556 1705
2556 2114
2556 2476
2557 777
2557 1447
2558 543
2558 2165
2558 2944
2559 637
2559 808
2559 1620
2559 2066
2560 2560
2561 237
2561 627
2561 807
2561 941
2561 968
2561 1219
2561 2097
2561 2434
2561 2662
2562 414
2562 1492
2562 1761
2562 2428
2563 2195
2564 906
2565 906
2566 2016
2567 57
2567 2826
2568 99
2568 170
2569 97
2569 902
2569 1201
2570 525
2570 1143
2570 2571
2570 2572
2571 648
2571 2570
2572 648
2572 2570
2573 2573
2574 525
2574 681
2574 705
2575 624
2575 670
2575 924
2575 1335
2575 1836
2575 1999
2575 2212
2576 253
2576 690
2576 843
2576 949
2576 2549
2577 336
2577 561
2577 1180
2577 1366
2577 2577
2577 2578
2577 2843
2577 3019
2578 336
2578 1180
2578 1366
2578 2577
2578 2843
2578 3019
2579 1862
2580 170
2580 2580
2580 2861
2581 409
2581 535
2581 1583
2581 1894
2582 303
2582 549
2582 755
2582 1190
2582 1214
2582 1422
2582 2777
2582 2823
2583 744
2583 1698
2583 3130
2584 2050
2585 471
2585 713
2585 1676
2585 2314
2586 998
2586 1021
2586 1719
2586 3058
2587 935
2588 821
2589 847
2589 2073
2590 1056
2591 394
2591 1333
2591 1986
2592 641
2592 1080
2593 314
2593 616
2593 622
2593 850
2593 968
2593 1117
2593 1708
2593 2204
2593 2257
2593 2480
2593 2594
2593 2595
2593 2596
2594 16
2594 314
2594 340
2594 616
2594 622
2594 691
2594 931
2594 1013
2594 2414
2594 2415
2594 2416
2594 2417
2594 2480
2594 2593
2594 2622
2595 136
2595 2505
2595 2593
2596 2593
2596 3288
2597 2597
2598 1271
2598 1302
2598 1461
2599 1102
2600 613
2600 1441
2600 1667
2600 2666
2601 713
2601 1676
2601 2209
2601 2552
2602 611
2602 620
2602 1028
2603 774
2603 1449
2603 2603
2604 1311
2605 1027
2605 2606
2606 56
2606 2605
2607 531
2607 2608
2607 2609
2608 2607
2609 1210
2609 1335
2609 2607
2610 247
2610 2329
2610 2611
2611 2329
2611 2610
2612 216
2612 2807
2613 817
2614 2615
2615 329
2615 2614
2616 188
2616 227
2616 254
2616 266
2617 854
2618 1131
2618 1625
2618 1630
2618 1759
2619 10
2619 131
2619 268
2619 395
2619 468
2619 755
2619 1251
2619 1422
2619 1591
2619 1633
2619 1759
2619 2162
2619 2230
2619 2777
2619 2825
2620 2621
2621 483
2621 2620
2622 40
2622 147
2622 428
2622 2594
2622 2647
2623 147
2623 428
2623 773
2623 1054
2623 1112
2623 1439
2623 1647
2623 1831
2623 3047
2624 1279
2624 2625
2625 1279
2625 1890
2625 2624
2626 1320
2627 629
2627 1717
2628 421
2628 1620
2628 1678
2628 2132
2628 2894
2628 3003
2629 43
2629 492
2629 627
2629 968
2629 1625
2629 2239
2629 2646
2629 2647
2629 2648
2630 43
2630 347
2630 770
2630 847
2630 930
2630 968
2630 1064
2630 1665
2630 1759
2630 2217
2630 2525
2631 222
2631 1392
2632 2000
2632 3018
2633 95
2633 1620
2634 314
2634 622
2634 1117
2634 1567
2634 1605
2634 1708
2634 2166
2634 2416
2634 3156
2635 180
2635 351
2635 1096
2635 1439
2635 1625
2635 1740
2635 2264
2635 2404
2635 2405
2635 2636
2635 2637
2635 2638
2636 180
2636 351
2636 661
2636 2635
2637 661
2637 2635
2637 2638
2638 661
2638 2635
2638 2637
2639 338
2639 1227
2639 2536
2640 106
2640 155
2640 247
2640 1180
2640 1183
2640 2772
2641 76
2641 312
2641 1457
2642 416
2642 768
2642 1417
2642 2217
2643 319
2643 516
2643 540
2643 649
2643 771
2643 819
2643 1472
2643 1615
2643 1842
2643 2278
2643 2296
2643 2449
2643 2493
2643 2906
2643 3011
2643 3012
2644 517
2644 648
2645 1097
2645 1894
2645 1901
2646 361
2646 1214
2646 1422
2646 1918
2646 2443
2646 2629
2646 2647
2647 361
2647 755
2647 1214
2647 1422
2647 1918
2647 2443
2647 2622
2647 2629
2647 2646
2648 302
2648 1422
2648 2021
2648 2281
2648 2629
2648 2822
2648 2823
2649 498
2649 2358
2650 1539
2650 3280
2651 1120
2651 2433
2651 2651
2652 42
2652 263
2652 444
2652 886
2652 1476
2652 1567
2652 1872
2652 1980
2652 2277
2652 2421
2653 951
2654 1052
2654 2858
2655 109
2656 109
2656 1781
2657 917
2657 2848
2657 3244
2658 2080
2659 2080
2660 755
2660 1422
2661 755
2661 1422
2661 2985
2662 755
2662 2561
2662 2779
2663 755
2663 1904
2664 453
2664 755
2664 807
2664 941
2664 1219
2664 2128
2664 2781
2665 748
2665 1422
2665 2841
2666 1441
2666 2600
2667 1220
2667 1721
2667 2472
2667 2668
2667 2669
2667 2670
2668 2667
2669 1220
2669 1721
2669 1967
2669 2472
2669 2667
2670 83
2670 615
2670 2316
2670 2667
2670 3273
2671 286
2672 994
2672 1399
2672 2224
2673 307
2673 2224
2674 114
2675 1883
2676 176
2676 795
2676 2746
2677 1131
2677 1308
2677 1568
2677 1625
2678 627
2678 1012
2678 1131
2678 1422
2678 1625
2678 2881
2679 721
2679 1135
2680 1222
2681 2682
2682 2065
2682 2681
2682 3124
2683 177
2683 2441
2684 2685
2685 2684
2686 2687
2687 533
2687 1606
2687 2686
2688 865
2689 873
2690 1456
2690 2691
2691 2690
2692 179
2692 2693
2693 2692
2694 2308
2694 2694
2695 977
2696 1601
2697 290
2697 967
2698 1896
2698 2699
2699 208
2699 218
2699 404
2699 438
2699 997
2699 1035
2699 1152
2699 1534
2699 1718
2699 1896
2699 1902
2699 2170
2699 2698
2699 2699
2699 2701
2699 2702
2699 2960
2699 2970
2700 591
2700 1463
2700 1896
2700 2413
2701 208
2701 404
2701 438
2701 1718
2701 1896
2701 2699
2701 2702
2701 2960
2702 208
2702 404
2702 438
2702 1896
2702 2699
2702 2701
2702 2960
2703 1896
2704 908
2704 1569
2704 1896
2705 1023
2705 1313
2706 1894
2706 2048
2707 13
2707 394
2707 1167
2707 1333
2707 1894
2707 1986
2708 826
2708 1493
2709 226
2709 2005
2709 3222
2710 1161
2710 2711
2711 1480
2711 2710
2712 160
2713 2151
2714 413
2714 468
2714 2517
2714 2716
2715 413
2715 468
2715 2517
2716 413
2716 2517
2716 2714
2717 541
2717 1620
2717 2028
2718 704
2718 1254
2718 2092
2718 2719
2719 2718
2720 2720
2721 1277
2722 1170
2722 2723
2723 711
2723 1111
2723 1613
2723 2058
2723 2722
2724 1130
2725 26
2725 222
2725 689
2725 1435
2725 1868
2725 2726
2726 567
2726 1435
2726 2725
2726 2893
2727 1847
2727 2005
2727 3222
2728 254
2728 508
2728 1543
2728 2067
2728 2729
2729 254
2729 1652
2729 2067
2729 2490
2729 2728
2730 142
2730 819
2730 1002
2730 1455
2731 161
2732 451
2732 953
2732 1440
2732 2070
2732 3028
2733 2734
2734 1409
2734 1448
2734 2733
2735 401
2735 856
2735 2314
2735 2736
2735 2737
2736 2189
2736 2735
2737 2735
2738 2193
2739 2740
2740 2739
2741 541
2741 703
2741 1768
2742 1845
2742 2012
2743 726
2743 2744
2744 2743
2745 260
2745 1119
2746 176
2746 2676
2747 1889
2747 2515
2748 485
2748 1052
2749 639
2750 1159
2751 1159
2752 1391
2753 1106
2754 1339
2755 1956
2756 349
2757 2758
2757 2759
2758 1006
2758 2757
2758 2993
2759 300
2759 2757
2760 2761
2761 272
2761 2760
2762 1568
2763 378
2763 1138
2763 1568
2763 1769
2763 2484
2764 886
2765 886
2766 813
2766 1585
2767 670
2767 813
2767 1585
2768 2769
2768 3261
2769 214
2769 2768
2769 2923
2769 3261
2770 968
2770 993
2770 1301
2770 1731
2770 2097
2770 2824
2770 2920
2770 2962
2771 993
2771 1301
2771 1943
2771 2824
2771 2920
2772 106
2772 155
2772 1246
2772 2189
2772 2640
2773 1332
2774 973
2775 1211
2775 1384
2775 1585
2775 2776
2776 1075
2776 1211
2776 2775
2777 27
2777 137
2777 220
2777 229
2777 246
2777 307
2777 453
2777 549
2777 586
2777 807
2777 835
2777 887
2777 895
2777 937
2777 941
2777 968
2777 1034
2777 1214
2777 1219
2777 1238
2777 1290
2777 1343
2777 1480
2777 1644
2777 2023
2777 2115
2777 2230
2777 2474
2777 2582
2777 2619
2777 2778
2777 2779
2777 2780
2777 2781
2778 1015
2778 1422
2778 2045
2778 2777
2779 453
2779 1214
2779 1422
2779 2230
2779 2662
2779 2777
2780 229
2780 1012
2780 1422
2780 2777
2781 453
2781 1214
2781 2664
2781 2777
2782 524
2782 2783
2783 2782
2783 2933
2784 339
2784 552
2784 2149
2785 374
2785 1286
2785 1401
2785 1726
2785 2067
2785 2366
2785 2367
2785 2368
2786 695
2787 695
2788 94
2788 1192
2789 1173
2789 2790
2790 1730
2790 2789
2791 1173
2792 875
2792 1257
2792 1918
2793 1899
2794 603
2794 889
2794 1973
2794 2543
2795 1979
2796 2797
2797 2796
2798 170
2798 311
2799 165
2799 1806
2799 2800
2800 2799
2800 2903
2801 2802
2802 2801
2803 387
2804 514
2805 514
2806 1447
2806 1837
2807 441
2807 1354
2807 2612
2808 1158
2809 1410
2809 2810
2810 228
2810 300
2810 411
2810 1410
2810 2809
2811 1004
2811 1324
2812 1324
2813 2008
2814 1033
2814 1170
2814 1791
2814 1992
2815 1112
2815 1422
2815 2920
2815 3309
2816 1422
2816 2125
2817 1071
2817 1422
2817 2128
2818 1422
2818 1943
2819 1214
2819 1422
2819 3294
2820 1262
2820 1422
2821 59
2821 1214
2821 1422
2822 510
2822 675
2822 686
2822 1422
2822 1976
2822 2648
2823 51
2823 454
2823 835
2823 1190
2823 1422
2823 2181
2823 2291
2823 2582
2823 2648
2823 2837
2823 2994
2824 433
2824 528
2824 962
2824 965
2824 968
2824 993
2824 1071
2824 1157
2824 1343
2824 1422
2824 2097
2824 2234
2824 2257
2824 2282
2824 2398
2824 2474
2824 2770
2824 2771
2824 2961
2824 2962
2825 1205
2825 1422
2825 2619
2825 2854
2826 2567
2827 1465
2827 2828
2828 2827
2829 507
2830 212
2830 783
2830 2831
2830 3068
2830 3263
2831 212
2831 1970
2831 2830
2832 783
2832 2532
2833 29
2834 887
2835 541
2835 582
2835 587
2836 2127
2837 200
2837 2823
2837 2838
2838 200
2838 2837
2839 430
2839 504
2839 670
2840 624
2840 777
2840 924
2841 2665
2842 1800
2843 247
2843 561
2843 876
2843 1078
2843 1180
2843 1600
2843 1953
2843 2577
2843 2578
2844 2845
2845 2844
2846 2847
2847 2846
2848 296
2848 1036
2848 1226
2848 2176
2848 2657
2849 292
2849 2141
2850 101
2850 825
2850 1340
2851 1626
2852 222
2852 1392
2853 490
2854 887
2854 1230
2854 2825
2855 1214
2855 2230
2856 241
2856 402
2856 1091
2856 1346
2856 1395
2856 1414
2856 1471
2856 1634
2856 2174
2856 2399
2856 2454
2856 2492
2857 616
2858 851
2858 929
2858 2654
2858 2859
2859 2858
2860 1806
2861 609
2861 874
2861 1355
2861 1395
2861 1634
2861 2454
2861 2580
2861 2978
2862 217
2862 422
2862 1603
2862 1770
2862 2237
2863 590
2863 607
2863 1220
2863 1657
2863 1725
2863 2206
2863 2244
2863 2472
2863 2864
2863 2865
2864 2863
2865 2863
2866 1104
2867 2868
2868 2867
2869 864
2869 1091
2869 1346
2869 2371
2869 2869
2870 675
2870 2507
2871 2871
2872 1040
2872 1208
2873 2342
2874 1055
2875 1580
2875 1996
2875 2311
2875 2361
2876 2876
2877 968
2877 2434
2878 186
2878 2505
2879 1125
2879 1890
2880 1815
2881 1625
2881 1965
2881 2678
2882 396
2883 1650
2884 608
2884 2885
2885 2884
2886 445
2886 486
2886 1115
2887 2117
2888 85
2888 2385
2889 2159
2889 3136
2890 1544
2890 2159
2891 2892
2892 1259
2892 2891
2893 567
2893 1435
2893 2726
2894 70
2894 203
2894 550
2894 634
2894 927
2894 1068
2894 1094
2894 1135
2894 1946
2894 2132
2894 2275
2894 2628
2894 2894
2894 2895
2894 2896
2894 2897
2894 2898
2895 194
2895 1353
2895 2052
2895 2894
2896 2894
2897 2894
2898 2894
2899 2900
2900 2899
2900 3167
2901 946
2901 2109
2902 1378
2902 2038
2902 2289
2903 2800
2904 167
2904 998
2904 1970
2904 1985
2905 540
2905 610
2906 442
2906 540
2906 610
2906 649
2906 923
2906 1103
2906 2134
2906 2513
2906 2643
2906 3011
2906 3039
2906 3302
2907 1484
2907 2063
2907 2113
2908 2292
2909 2910
2910 2909
2911 2912
2912 2911
2913 1461
2913 1710
2914 1
2914 158
2914 1097
2914 1358
2914 1575
2914 1587
2914 2404
2914 2477
2915 582
2915 860
2915 1004
2915 3284
2916 332
2916 582
2916 745
2916 2189
2917 437
2917 635
2918 754
2918 1215
2919 2401
2920 153
2920 373
2920 622
2920 912
2920 993
2920 1010
2920 1034
2920 1117
2920 1427
2920 1567
2920 1605
2920 1708
2920 1910
2920 2097
2920 2257
2920 2398
2920 2474
2920 2770
2920 2771
2920 2815
2920 2961
2921 1232
2921 1617
2921 2922
2922 706
2922 1112
2922 1533
2922 1617
2922 2921
2923 214
2923 702
2923 2769
2924 305
2925 308
2926 316
2926 637
2926 2947
2927 316
2928 1
2928 1097
2928 2928
2929 2930
2930 2929
2931 310
2931 1878
2931 2932
2932 310
2932 2931
2933 524
2933 2783
2934 93
2934 690
2935 656
2935 1287
2936 175
2937 240
2937 2264
2938 2072
2938 2368
2939 1244
2940 782
2940 1595
2940 1870
2940 1926
2941 183
2941 2941
2942 1367
2942 2954
2943 331
2943 690
2943 1709
2944 2090
2944 2558
2944 3005
2945 582
2945 2292
2945 2946
2945 2947
2946 2945
2947 2926
2947 2945
2948 1471
2948 2492
2949 76
2949 381
2949 1185
2949 1457
2949 2444
2949 2950
2949 2951
2950 1457
2950 2949
2951 2040
2951 2082
2951 2444
2951 2949
2952 1175
2952 2096
2953 2401
2953 3019
2954 758
2954 1182
2954 2942
2955 685
2956 320
2957 812
2958 768
2958 1473
2958 1956
2958 1965
2959 694
2959 2286
2960 208
2960 404
2960 438
2960 2699
2960 2701
2960 2702
2961 968
2961 2115
2961 2824
2961 2920
2961 2962
2962 1153
2962 2770
2962 2824
2962 2961
2963 903
2964 257
2964 1722
2965 2142
2966 1458
2967 465
2967 582
2967 3003
2968 497
2968 1779
2968 1936
2968 2094
2968 2969
2969 497
2969 2094
2969 2968
2970 81
2970 558
2970 717
2970 1902
2970 2699
2971 637
2971 729
2971 1620
2971 2025
2972 259
2972 1262
2973 230
2973 1856
2974 681
2974 2975
2975 2974
2976 952
2977 432
2978 313
2978 1264
2978 1355
2978 1395
2978 2861
2978 2988
2979 730
2979 2980
2980 730
2980 2979
2981 730
2982 1951
2983 389
2983 1984
2983 2983
2983 2984
2984 2983
2985 1122
2985 2047
2985 2661
2986 60
2987 234
2987 2154
2987 3205
2988 49
2988 491
2988 2978
2989 391
2990 2991
2991 2990
2992 1941
2993 1006
2993 2758
2994 2823
2995 1507
2996 336
2997 2998
2997 2999
2998 2997
2999 2997
3000 354
3000 1822
3001 690
3001 3239
3002 1933
3003 32
3003 70
3003 203
3003 550
3003 2120
3003 2628
3003 2967
3004 550
3004 1162
3005 1808
3005 2424
3005 2944
3006 228
3007 965
3008 965
3008 1112
3008 1617
3009 1316
3010 945
3011 83
3011 455
3011 582
3011 921
3011 2189
3011 2643
3011 2906
3011 3039
3012 83
3012 923
3012 2643
3013 803
3013 3151
3014 1981
3015 1067
3015 1189
3015 1305
3016 1610
3017 568
3018 2632
3019 561
3019 876
3019 1180
3019 1600
3019 2577
3019 2578
3019 2953
3020 790
3020 921
3020 1545
3020 1620
3021 1989
3021 2425
3022 746
3022 2426
3023 80
3023 359
3024 460
3024 835
3024 1757
3024 3252
3025 1962
3026 1524
3027 1126
3028 1440
3028 2732
3029 958
3029 1858
3029 2031
3030 741
3030 1066
3030 3195
3031 901
3031 1428
3031 1624
3031 1810
3031 3032
3032 1382
3032 1624
3032 3031
3033 610
3033 638
3034 2348
3035 2348
3036 1389
3037 1554
3037 2010
3038 1042
3038 1823
3038 2342
3038 3179
3039 83
3039 294
3039 476
3039 478
3039 540
3039 649
3039 819
3039 1256
3039 1472
3039 1865
3039 1891
3039 1932
3039 2278
3039 2493
3039 2906
3039 3011
3040 440
3040 541
3040 1303
3041 541
3041 564
3042 541
3042 1572
3042 3043
3043 541
3043 3042
3044 194
3044 1094
3044 3199
3045 194
3045 1384
3046 1143
3047 2623
3048 474
3049 474
3049 1509
3050 3051
3050 3052
3051 3050
3051 3052
3052 3050
3052 3051
3053 911
3054 295
3055 1563
3056 1433
3056 1524
3057 1433
3058 1021
3058 2586
3058 3059
3059 3058
3060 1218
3060 1868
3061 1083
3062 161
3063 371
3063 1369
3063 1746
3063 1981
3063 2022
3063 2339
3064 918
3064 3072
3065 213
3065 962
3066 2434
3067 959
3067 1949
3068 205
3068 212
3068 783
3068 2830
3069 2075
3070 1153
3071 1153
3072 20
3072 918
3072 1583
3072 2227
3072 3064
3072 3073
3073 3072
3074 3074
3075 321
3076 156
3077 326
3078 968
3079 101
3079 204
3080 2014
3081 2400
3082 1695
3082 2037
3082 3083
3083 3082
3084 1664
3085 219
3085 303
3085 2254
3086 1314
3086 3087
3087 3086
3088 589
3089 1955
3090 1229
3091 582
3091 649
3091 923
3092 1541
3093 667
3094 711
3094 3256
3095 711
3095 3256
3096 1604
3097 479
3098 410
3098 3099
3099 190
3099 722
3099 1822
3099 2180
3099 3098
3100 954
3100 1191
3100 3101
3100 3102
3101 3100
3102 3100
3103 1900
3104 1673
3105 2135
3106 1696
3106 1760
3107 3108
3108 324
3108 996
3108 3107
3109 1252
3109 1571
3109 3110
3110 1252
3110 1571
3110 3109
3111 1252
3111 1571
3112 1000
3112 2463
3113 145
3114 3114
3115 3115
3116 245
3117 1310
3117 1851
3117 1907
3118 3119
3119 3118
3120 439
3120 603
3120 1471
3120 2208
3120 2492
3121 1349
3121 1910
3122 47
3123 47
3123 2167
3124 2682
3124 3185
3125 118
3125 119
3125 672
3125 1156
3125 1685
3125 3126
3126 132
3126 205
3126 3125
3127 1499
3127 3128
3128 3127
3129 121
3130 466
3130 1412
3130 2174
3130 2583
3131 1085
3131 1992
3131 3234
3132 666
3133 1127
3134 2459
3135 2004
3136 66
3136 955
3136 2889
3136 3137
3137 3136
3138 519
3138 3139
3138 3140
3139 1924
3139 3138
3140 582
3140 3138
3141 2185
3142 1880
3142 2185
3143 1341
3144 1983
3144 2367
3144 2539
3144 2547
3145 569
3145 624
3145 1426
3145 2210
3146 951
3147 1906
3148 88
3148 356
3148 482
3148 708
3148 2306
3148 2452
3149 1026
3150 963
3151 3013
3152 2062
3153 101
3154 1328
3155 424
3155 2365
3156 2363
3156 2634
3157 3158
3158 3157
3159 2309
3160 2309
3161 1523
3161 3164
3162 1523
3163 1523
3163 3164
3164 1523
3164 3161
3164 3163
3164 3165
3165 3164
3166 597
3166 1143
3167 2900
3168 789
3168 3169
3169 3168
3170 3171
3171 3170
3172 1306
3172 3173
3173 1306
3173 3172
3174 163
3175 210
3175 1766
3176 190
3176 325
3176 330
3177 403
3177 1092
3177 1662
3178 303
3179 3038
3180 380
3180 2155
3181 245
3182 3182
3183 596
3184 601
3185 33
3185 107
3185 168
3185 372
3185 746
3185 846
3185 1143
3185 1186
3185 1244
3185 1728
3185 2555
3185 3124
3185 3186
3185 3187
3185 3188
3185 3189
3185 3202
3186 1822
3186 3185
3187 3185
3188 3185
3189 33
3189 3185
3190 1811
3191 1529
3192 655
3192 687
3192 3193
3193 655
3193 3192
3194 2153
3195 225
3195 245
3195 1066
3195 3030
3195 3196
3196 225
3196 245
3196 1066
3196 1827
3196 3195
3196 3196
3197 1784
3197 2029
3198 330
3198 2065
3199 1135
3199 3044
3200 1949
3201 1655
3202 3185
3203 1113
3204 506
3205 1052
3205 1239
3205 2154
3205 2189
3205 2987
3206 582
3207 582
3208 582
3209 3
3209 1237
3210 1687
3210 1822
3211 308
3211 567
3211 689
3211 1310
3211 2255
3212 2092
3213 778
3214 2041
3214 2461
3215 873
3216 1519
3217 1557
3217 2320
3217 3217
3218 269
3218 486
3218 1115
3218 3226
3219 1321
3220 239
3220 1321
3220 3243
3221 2252
3222 1907
3222 2252
3222 2709
3222 2727
3223 935
3224 269
3225 269
3226 269
3226 3218
3227 46
3227 1047
3228 277
3229 866
3230 2178
3231 738
3231 1018
3231 1032
3231 1129
3231 1586
3231 2512
3232 268
3232 1581
3233 2056
3234 1085
3234 3131
3235 1972
3236 1313
3236 1462
3237 1846
3238 508
3239 227
3239 254
3239 266
3239 500
3239 1808
3239 1809
3239 2490
3239 2522
3239 3001
3240 22
3240 938
3241 283
3241 1045
3241 1596
3241 3242
3242 1045
3242 1596
3242 3241
3243 767
3243 3220
3244 2657
3245 1670
3245 3270
3246 412
3246 1778
3247 636
3248 1133
3249 3249
3250 673
3250 1293
3251 788
3252 460
3252 3024
3253 1475
3254 205
3254 212
3254 1792
3255 2196
3256 3094
3256 3095
3257 1548
3257 2271
3258 2007
3258 2237
3259 2007
3260 1822
3261 378
3261 482
3261 1589
3261 2768
3261 2769
3262 1082
3262 1266
3262 1505
3262 2410
3263 95
3263 110
3263 405
3263 472
3263 541
3263 1043
3263 1551
3263 1768
3263 2269
3263 2496
3263 2830
3264 744
3265 482
3265 2104
3265 2169
3266 90
3267 185
3268 2026
3269 1194
3270 3245
3271 1917
3271 2339
3272 837
3273 2670
3274 2
3275 374
3275 447
3275 1286
3275 1667
3275 2366
3275 3276
3276 3275
3277 2495
3278 344
3279 2214
3280 2650
3281 352
3282 1410
3282 1813
3282 2153
3283 475
3283 1679
3283 2251
3283 2262
3284 342
3284 860
3284 2495
3284 2915
3285 1664
3286 266
3287 83
3287 515
3288 2596
3289 1908
3289 3290
3290 1908
3290 3289
3291 1073
3292 734
3292 1651
3292 2050
3293 1969
3294 19
3294 1451
3294 2819
3295 116
3296 717
3297 1981
3297 2022
3298 1974
3299 998
3300 645
3301 1181
3302 2906
3303 83
3304 3305
3305 3304
3306 1750
3307 3308
3308 3307
3309 131
3309 268
3309 2815
3310 1643
3311 33
